0.686275 
1.019608 
0.980392 
1.039216 
0.941176 
0.941176 
1.235294 
1.235294 
1.235294 
1.235294 
1.235294 
1.235294 
1.235294 
1.235294 
1.215686 
1.235294 
1.235294 
1.215686 
1.215686 
1.215686 
1.215686 
1.196078 
1.196078 
1.215686 
1.196078 
1.196078 
1.196078 
1.196078 
1.196078 
1.196078 
1.196078 
1.196078 
1.176471 
1.176471 
1.176471 
1.176471 
1.156863 
1.156863 
1.156863 
1.156863 
1.137255 
1.137255 
1.137255 
1.137255 
1.137255 
1.117647 
1.117647 
1.117647 
1.117647 
1.098039 
1.098039 
1.078431 
1.078431 
1.078431 
1.078431 
1.078431 
1.058824 
1.058824 
1.058824 
1.058824 
1.039216 
1.019608 
1.039216 
1.039216 
1.019608 
1.019608 
1.000000 
1.000000 
1.000000 
1.000000 
0.980392 
0.960784 
0.960784 
0.960784 
0.960784 
0.941176 
0.941176 
0.941176 
0.921569 
0.901961 
0.901961 
0.901961 
0.901961 
0.882353 
0.882353 
0.862745 
0.862745 
0.843137 
0.843137 
0.823529 
0.823529 
0.823529 
0.803922 
0.803922 
0.784314 
0.784314 
0.784314 
0.764706 
0.745098 
0.745098 
0.745098 
0.725490 
0.725490 
0.705882 
0.705882 
0.705882 
0.686275 
0.686275 
0.666667 
0.647059 
0.647059 
0.647059 
0.627451 
0.607843 
0.607843 
0.607843 
0.588235 
0.568627 
0.588235 
0.568627 
0.568627 
0.549020 
0.529412 
0.529412 
0.509804 
0.509804 
0.490196 
0.490196 
0.470588 
0.450980 
0.450980 
0.450980 
0.431373 
0.431373 
0.411765 
0.392157 
0.392157 
0.392157 
0.372549 
0.372549 
0.352941 
0.352941 
0.333333 
0.313725 
0.294118 
0.294118 
0.274510 
0.274510 
0.254902 
0.254902 
0.235294 
0.235294 
0.215686 
0.215686 
0.196078 
0.176471 
0.176471 
0.156863 
0.156863 
0.156863 
0.137255 
0.117647 
0.098039 
0.098039 
0.098039 
0.058824 
0.058824 
0.058824 
0.039216 
0.039216 
0.019608 
0.000000 
0.000000 
0.000000 
-0.019608 
-0.039216 
-0.039216 
-0.058824 
-0.058824 
-0.078431 
-0.098039 
-0.098039 
-0.117647 
-0.117647 
-0.137255 
-0.137255 
-0.156863 
-0.176471 
-0.176471 
-0.196078 
-0.196078 
-0.196078 
-0.215686 
-0.235294 
-0.235294 
-0.254902 
-0.254902 
-0.274510 
-0.294118 
-0.294118 
-0.294118 
-0.313725 
-0.333333 
-0.333333 
-0.352941 
-0.352941 
-0.372549 
-0.372549 
-0.392157 
-0.411765 
-0.411765 
-0.431373 
-0.431373 
-0.450980 
-0.450980 
-0.470588 
-0.470588 
-0.490196 
-0.490196 
-0.509804 
-0.509804 
-0.529412 
-0.549020 
-0.549020 
-0.549020 
-0.568627 
-0.568627 
-0.588235 
-0.588235 
-0.607843 
-0.607843 
-0.607843 
-0.627451 
-0.647059 
-0.647059 
-0.647059 
-0.666667 
-0.686275 
-0.686275 
-0.686275 
-0.705882 
-0.705882 
-0.705882 
-0.725490 
-0.745098 
-0.745098 
-0.764706 
-0.764706 
-0.764706 
-0.784314 
-0.784314 
-0.803922 
-0.803922 
-0.823529 
-0.823529 
-0.823529 
-0.843137 
-0.843137 
-0.862745 
-0.862745 
-0.862745 
-0.862745 
-0.882353 
-0.882353 
-0.882353 
-0.901961 
-0.921569 
-0.921569 
-0.921569 
-0.941176 
-0.941176 
-0.941176 
-0.960784 
-0.960784 
-0.980392 
-0.980392 
-0.980392 
-0.980392 
-1.000000 
-1.000000 
-1.000000 
-1.019608 
-1.039216 
-1.019608 
-1.039216 
-1.039216 
-1.039216 
-1.058824 
-1.058824 
-1.058824 
-1.058824 
-1.078431 
-1.078431 
-1.078431 
-1.098039 
-1.098039 
-1.098039 
-1.098039 
-1.117647 
-1.098039 
-1.117647 
-1.117647 
-1.117647 
-1.137255 
-1.137255 
-1.156863 
-1.137255 
-1.156863 
-1.137255 
-1.156863 
-1.176471 
-1.156863 
-1.176471 
-1.176471 
-1.176471 
-1.176471 
-1.176471 
-1.196078 
-1.176471 
-1.196078 
-1.196078 
-1.196078 
-1.196078 
-1.196078 
-1.196078 
-1.215686 
-1.215686 
-1.215686 
-1.215686 
-1.215686 
-1.215686 
-1.215686 
-1.215686 
-1.215686 
-1.215686 
-1.215686 
-1.235294 
-1.235294 
-1.235294 
-1.235294 
-1.235294 
-1.235294 
-1.235294 
-1.235294 
-1.235294 
-1.235294 
-1.235294 
-1.235294 
-1.235294 
-1.235294 
-1.235294 
-1.235294 
-1.235294 
-1.235294 
-1.254902 
-1.235294 
-1.235294 
-1.235294 
-1.235294 
-1.235294 
-1.235294 
-1.235294 
-1.235294 
-1.235294 
-1.215686 
-1.235294 
-1.235294 
-1.235294 
-1.215686 
-1.215686 
-1.215686 
-1.215686 
-1.215686 
-1.215686 
-1.215686 
-1.215686 
-1.215686 
-1.215686 
-1.196078 
-1.196078 
-1.196078 
-1.196078 
-1.196078 
-1.196078 
-1.176471 
-1.176471 
-1.176471 
-1.176471 
-1.176471 
-1.156863 
-1.156863 
-1.156863 
-1.156863 
-1.137255 
-1.137255 
-1.137255 
-1.137255 
-1.137255 
-1.137255 
-1.117647 
-1.117647 
-1.098039 
-1.117647 
-1.098039 
-1.098039 
-1.098039 
-1.098039 
-1.078431 
-1.078431 
-1.058824 
-1.078431 
-1.058824 
-1.058824 
-1.039216 
-1.039216 
-1.039216 
-1.039216 
-1.019608 
-1.019608 
-1.019608 
-1.000000 
-1.000000 
-1.000000 
-1.000000 
-0.980392 
-0.980392 
-0.960784 
-0.960784 
-0.941176 
-0.941176 
-0.941176 
-0.921569 
-0.921569 
-0.921569 
-0.901961 
-0.901961 
-0.901961 
-0.882353 
-0.882353 
-0.862745 
-0.862745 
-0.862745 
-0.862745 
-0.843137 
-0.843137 
-0.823529 
-0.823529 
-0.803922 
-0.803922 
-0.803922 
-0.784314 
-0.764706 
-0.784314 
-0.764706 
-0.745098 
-0.745098 
-0.725490 
-0.725490 
-0.705882 
-0.705882 
-0.686275 
-0.686275 
-0.686275 
-0.666667 
-0.666667 
-0.647059 
-0.647059 
-0.647059 
-0.607843 
-0.607843 
-0.607843 
-0.607843 
-0.588235 
-0.568627 
-0.568627 
-0.549020 
-0.549020 
-0.529412 
-0.529412 
-0.509804 
-0.509804 
-0.509804 
-0.490196 
-0.470588 
-0.470588 
-0.470588 
-0.450980 
-0.450980 
-0.431373 
-0.411765 
-0.411765 
-0.392157 
-0.372549 
-0.372549 
-0.372549 
-0.372549 
-0.333333 
-0.333333 
-0.313725 
-0.313725 
-0.313725 
-0.294118 
-0.274510 
-0.274510 
-0.254902 
-0.254902 
-0.235294 
-0.235294 
-0.215686 
-0.196078 
-0.196078 
-0.176471 
-0.176471 
-0.156863 
-0.156863 
-0.137255 
-0.137255 
-0.117647 
-0.117647 
-0.098039 
-0.078431 
-0.078431 
-0.058824 
-0.058824 
-0.039216 
-0.019608 
-0.019608 
0.000000 
0.000000 
0.019608 
0.019608 
0.039216 
0.058824 
0.058824 
0.058824 
0.078431 
0.098039 
0.117647 
0.117647 
0.137255 
0.137255 
0.156863 
0.156863 
0.176471 
0.176471 
0.196078 
0.196078 
0.215686 
0.215686 
0.235294 
0.254902 
0.254902 
0.274510 
0.274510 
0.274510 
0.294118 
0.313725 
0.313725 
0.333333 
0.333333 
0.352941 
0.372549 
0.372549 
0.392157 
0.392157 
0.411765 
0.411765 
0.431373 
0.431373 
0.450980 
0.450980 
0.450980 
0.490196 
0.490196 
0.509804 
0.509804 
0.529412 
0.529412 
0.549020 
0.549020 
0.568627 
0.588235 
0.588235 
0.588235 
0.588235 
0.607843 
0.607843 
0.627451 
0.647059 
0.647059 
0.647059 
0.647059 
0.666667 
0.686275 
0.686275 
0.705882 
0.705882 
0.705882 
0.725490 
0.745098 
0.745098 
0.764706 
0.764706 
0.764706 
0.784314 
0.803922 
0.784314 
0.803922 
0.803922 
0.823529 
0.823529 
0.843137 
0.862745 
0.843137 
0.862745 
0.862745 
0.882353 
0.882353 
0.882353 
0.901961 
0.921569 
0.921569 
0.921569 
0.941176 
0.960784 
0.960784 
0.960784 
0.960784 
0.960784 
0.980392 
0.980392 
0.980392 
1.000000 
1.000000 
1.019608 
1.019608 
1.019608 
1.019608 
1.019608 
1.039216 
1.039216 
1.039216 
1.039216 
1.058824 
1.078431 
1.078431 
1.078431 
1.078431 
1.098039 
1.098039 
1.078431 
1.117647 
1.098039 
1.117647 
1.117647 
1.117647 
1.137255 
1.137255 
1.137255 
1.137255 
1.156863 
1.156863 
1.156863 
1.156863 
1.176471 
1.156863 
1.176471 
1.176471 
1.176471 
1.196078 
1.196078 
1.196078 
1.196078 
1.196078 
1.196078 
1.215686 
1.196078 
1.215686 
1.215686 
1.215686 
1.215686 
1.215686 
1.215686 
1.235294 
1.235294 
1.235294 
1.235294 
1.235294 
1.235294 
1.235294 
1.235294 
1.235294 
1.254902 
1.235294 
1.235294 
1.254902 
1.254902 
1.254902 
1.235294 
1.254902 
1.254902 
1.254902 
1.254902 
1.254902 
1.254902 
1.254902 
1.254902 
1.254902 
1.235294 
1.254902 
1.254902 
1.254902 
1.254902 
1.254902 
1.254902 
1.254902 
1.254902 
1.235294 
1.254902 
1.254902 
1.254902 
1.235294 
1.235294 
1.235294 
1.235294 
1.235294 
1.235294 
1.235294 
1.215686 
1.235294 
1.235294 
1.215686 
1.215686 
1.215686 
1.215686 
1.215686 
1.215686 
1.215686 
1.215686 
1.215686 
1.196078 
1.196078 
1.196078 
1.196078 
1.176471 
1.176471 
1.176471 
1.176471 
1.176471 
1.156863 
1.156863 
1.156863 
1.156863 
1.156863 
1.137255 
1.137255 
1.137255 
1.137255 
1.137255 
1.137255 
1.117647 
1.117647 
1.117647 
1.098039 
1.098039 
1.098039 
1.078431 
1.078431 
1.078431 
1.078431 
1.058824 
1.058824 
1.058824 
1.058824 
1.039216 
1.039216 
1.039216 
1.019608 
1.019608 
1.019608 
1.019608 
1.000000 
1.000000 
0.980392 
0.980392 
0.980392 
0.960784 
0.960784 
0.941176 
0.941176 
0.941176 
0.921569 
0.921569 
0.901961 
0.901961 
0.901961 
0.882353 
0.901961 
0.862745 
0.862745 
0.843137 
0.862745 
0.843137 
0.843137 
0.843137 
0.823529 
0.823529 
0.803922 
0.803922 
0.784314 
0.784314 
0.764706 
0.764706 
0.745098 
0.745098 
0.725490 
0.725490 
0.705882 
0.705882 
0.705882 
0.686275 
0.666667 
0.666667 
0.666667 
0.647059 
0.647059 
0.627451 
0.627451 
0.627451 
0.607843 
0.607843 
0.588235 
0.568627 
0.568627 
0.549020 
0.549020 
0.529412 
0.529412 
0.509804 
0.509804 
0.490196 
0.490196 
0.470588 
0.470588 
0.450980 
0.450980 
0.431373 
0.431373 
0.411765 
0.411765 
0.392157 
0.372549 
0.372549 
0.372549 
0.352941 
0.352941 
0.333333 
0.313725 
0.313725 
0.294118 
0.294118 
0.274510 
0.274510 
0.254902 
0.235294 
0.235294 
0.215686 
0.215686 
0.196078 
0.176471 
0.176471 
0.156863 
0.156863 
0.137255 
0.137255 
0.117647 
0.117647 
0.098039 
0.098039 
0.078431 
0.058824 
0.058824 
0.039216 
0.039216 
0.019608 
0.019608 
0.000000 
-0.019608 
-0.019608 
-0.039216 
-0.039216 
-0.058824 
-0.078431 
-0.078431 
-0.098039 
-0.098039 
-0.117647 
-0.117647 
-0.137255 
-0.137255 
-0.156863 
-0.176471 
-0.176471 
-0.176471 
-0.196078 
-0.215686 
-0.215686 
-0.235294 
-0.235294 
-0.254902 
-0.254902 
-0.254902 
-0.274510 
-0.294118 
-0.313725 
-0.313725 
-0.313725 
-0.333333 
-0.352941 
-0.352941 
-0.372549 
-0.392157 
-0.392157 
-0.411765 
-0.411765 
-0.431373 
-0.431373 
-0.431373 
-0.450980 
-0.470588 
-0.470588 
-0.490196 
-0.490196 
-0.490196 
-0.509804 
-0.529412 
-0.529412 
-0.549020 
-0.549020 
-0.568627 
-0.568627 
-0.588235 
-0.588235 
-0.607843 
-0.607843 
-0.607843 
-0.627451 
-0.627451 
-0.647059 
-0.647059 
-0.666667 
-0.666667 
-0.686275 
-0.686275 
-0.705882 
-0.705882 
-0.725490 
-0.725490 
-0.725490 
-0.745098 
-0.745098 
-0.764706 
-0.764706 
-0.764706 
-0.784314 
-0.803922 
-0.803922 
-0.823529 
-0.823529 
-0.823529 
-0.843137 
-0.862745 
-0.862745 
-0.862745 
-0.862745 
-0.882353 
-0.882353 
-0.882353 
-0.901961 
-0.901961 
-0.921569 
-0.921569 
-0.921569 
-0.921569 
-0.941176 
-0.941176 
-0.960784 
-0.960784 
-0.960784 
-0.980392 
-0.980392 
-0.980392 
-1.000000 
-1.000000 
-1.000000 
-1.019608 
-1.019608 
-1.019608 
-1.019608 
-1.039216 
-1.058824 
-1.039216 
-1.058824 
-1.058824 
-1.058824 
-1.078431 
-1.078431 
-1.078431 
-1.078431 
-1.078431 
-1.098039 
-1.098039 
-1.098039 
-1.117647 
-1.117647 
-1.117647 
-1.117647 
-1.137255 
-1.137255 
-1.137255 
-1.137255 
-1.156863 
-1.156863 
-1.156863 
-1.156863 
-1.156863 
-1.156863 
-1.176471 
-1.176471 
-1.176471 
-1.176471 
-1.196078 
-1.196078 
-1.196078 
-1.176471 
-1.196078 
-1.196078 
-1.215686 
-1.196078 
-1.215686 
-1.215686 
-1.215686 
-1.215686 
-1.215686 
-1.235294 
-1.215686 
-1.235294 
-1.215686 
-1.215686 
-1.235294 
-1.215686 
-1.235294 
-1.235294 
-1.235294 
-1.235294 
-1.235294 
-1.235294 
-1.235294 
-1.235294 
-1.235294 
-1.254902 
-1.235294 
-1.235294 
-1.235294 
-1.254902 
-1.254902 
-1.235294 
-1.235294 
-1.235294 
-1.235294 
-1.235294 
-1.235294 
-1.235294 
-1.235294 
-1.235294 
-1.215686 
-1.235294 
-1.235294 
-1.235294 
-1.235294 
-1.215686 
-1.215686 
-1.215686 
-1.235294 
-1.215686 
-1.215686 
-1.215686 
-1.215686 
-1.215686 
-1.215686 
-1.215686 
-1.196078 
-1.196078 
-1.215686 
-1.196078 
-1.196078 
-1.176471 
-1.176471 
-1.176471 
-1.176471 
-1.176471 
-1.176471 
-1.156863 
-1.176471 
-1.156863 
-1.137255 
-1.156863 
-1.156863 
-1.137255 
-1.137255 
-1.137255 
-1.117647 
-1.117647 
-1.117647 
-1.117647 
-1.098039 
-1.098039 
-1.098039 
-1.098039 
-1.098039 
-1.098039 
-1.078431 
-1.058824 
-1.058824 
-1.058824 
-1.058824 
-1.058824 
-1.058824 
-1.039216 
-1.039216 
-1.019608 
-1.019608 
-1.019608 
-1.019608 
-1.000000 
-1.019608 
-1.000000 
-1.000000 
-0.980392 
-0.960784 
-0.960784 
-0.960784 
-0.941176 
-0.941176 
-0.921569 
-0.921569 
-0.921569 
-0.921569 
-0.901961 
-0.901961 
-0.901961 
-0.882353 
-0.882353 
-0.862745 
-0.862745 
-0.862745 
-0.843137 
-0.843137 
-0.843137 
-0.823529 
-0.823529 
-0.803922 
-0.803922 
-0.803922 
-0.803922 
-0.784314 
-0.764706 
-0.764706 
-0.764706 
-0.745098 
-0.745098 
-0.725490 
-0.725490 
-0.705882 
-0.705882 
-0.705882 
-0.686275 
-0.686275 
-0.666667 
-0.647059 
-0.647059 
-0.647059 
-0.647059 
-0.627451 
-0.607843 
-0.607843 
-0.588235 
-0.588235 
-0.568627 
-0.568627 
-0.549020 
-0.529412 
-0.529412 
-0.529412 
-0.509804 
-0.490196 
-0.490196 
-0.470588 
-0.470588 
-0.450980 
-0.450980 
-0.431373 
-0.431373 
-0.431373 
-0.411765 
-0.392157 
-0.372549 
-0.372549 
-0.352941 
-0.352941 
-0.333333 
-0.333333 
-0.313725 
-0.294118 
-0.294118 
-0.294118 
-0.294118 
-0.274510 
-0.274510 
-0.254902 
-0.235294 
-0.215686 
-0.215686 
-0.196078 
-0.196078 
-0.176471 
-0.176471 
-0.156863 
-0.156863 
-0.137255 
-0.117647 
-0.117647 
-0.117647 
-0.098039 
-0.098039 
-0.078431 
-0.058824 
-0.058824 
-0.039216 
-0.039216 
-0.019608 
0.000000 
0.000000 
0.019608 
0.039216 
0.039216 
0.058824 
0.058824 
0.058824 
0.078431 
0.078431 
0.098039 
0.098039 
0.117647 
0.137255 
0.156863 
0.156863 
0.156863 
0.176471 
0.196078 
0.196078 
0.215686 
0.235294 
0.235294 
0.254902 
0.254902 
0.274510 
0.274510 
0.294118 
0.294118 
0.313725 
0.313725 
0.333333 
0.333333 
0.352941 
0.352941 
0.372549 
0.392157 
0.392157 
0.411765 
0.411765 
0.431373 
0.431373 
0.450980 
0.450980 
0.470588 
0.470588 
0.490196 
0.509804 
0.509804 
0.529412 
0.529412 
0.529412 
0.549020 
0.568627 
0.568627 
0.588235 
0.588235 
0.588235 
0.607843 
0.607843 
0.627451 
0.627451 
0.647059 
0.647059 
0.666667 
0.666667 
0.686275 
0.686275 
0.705882 
0.705882 
0.725490 
0.725490 
0.725490 
0.745098 
0.764706 
0.764706 
0.764706 
0.764706 
0.803922 
0.803922 
0.803922 
0.823529 
0.823529 
0.823529 
0.843137 
0.843137 
0.843137 
0.862745 
0.862745 
0.882353 
0.882353 
0.901961 
0.901961 
0.901961 
0.921569 
0.921569 
0.941176 
0.941176 
0.941176 
0.941176 
0.960784 
0.960784 
0.980392 
0.980392 
0.980392 
1.000000 
1.000000 
1.000000 
1.019608 
1.019608 
1.019608 
1.019608 
1.039216 
1.039216 
1.039216 
1.058824 
1.058824 
1.078431 
1.078431 
1.078431 
1.078431 
1.098039 
1.098039 
1.098039 
1.098039 
1.098039 
1.117647 
1.117647 
1.137255 
1.137255 
1.137255 
1.137255 
1.137255 
1.156863 
1.156863 
1.156863 
1.176471 
1.176471 
1.176471 
1.176471 
1.176471 
1.176471 
1.196078 
1.196078 
1.196078 
1.196078 
1.196078 
1.196078 
1.196078 
1.215686 
1.215686 
1.215686 
1.215686 
1.215686 
1.215686 
1.235294 
1.215686 
1.215686 
1.235294 
1.215686 
1.235294 
1.235294 
1.235294 
1.235294 
1.235294 
1.235294 
1.235294 
1.254902 
1.254902 
1.254902 
1.254902 
1.254902 
1.254902 
1.254902 
1.235294 
1.235294 
1.254902 
1.254902 
1.274510 
1.254902 
1.254902 
1.254902 
1.254902 
1.254902 
1.254902 
1.254902 
1.254902 
1.254902 
1.254902 
1.235294 
1.254902 
1.235294 
1.254902 
1.235294 
1.235294 
1.235294 
1.235294 
1.235294 
1.235294 
1.235294 
1.235294 
1.235294 
1.235294 
1.235294 
1.215686 
1.215686 
1.235294 
1.215686 
1.215686 
1.215686 
1.215686 
1.215686 
1.215686 
1.215686 
1.196078 
1.196078 
1.196078 
1.176471 
1.196078 
1.176471 
1.176471 
1.176471 
1.156863 
1.176471 
1.176471 
1.156863 
1.156863 
1.156863 
1.156863 
1.137255 
1.137255 
1.117647 
1.117647 
1.117647 
1.117647 
1.117647 
1.098039 
1.098039 
1.098039 
1.078431 
1.078431 
1.078431 
1.058824 
1.058824 
1.058824 
1.058824 
1.058824 
1.039216 
1.039216 
1.039216 
1.019608 
1.019608 
1.019608 
1.000000 
1.019608 
1.000000 
1.000000 
0.980392 
0.980392 
0.960784 
0.960784 
0.960784 
0.960784 
0.941176 
0.921569 
0.921569 
0.921569 
0.921569 
0.901961 
0.901961 
0.882353 
0.882353 
0.862745 
0.862745 
0.862745 
0.843137 
0.843137 
0.843137 
0.823529 
0.823529 
0.803922 
0.803922 
0.803922 
0.784314 
0.764706 
0.764706 
0.745098 
0.745098 
0.745098 
0.725490 
0.725490 
0.725490 
0.705882 
0.686275 
0.666667 
0.666667 
0.666667 
0.647059 
0.647059 
0.627451 
0.627451 
0.627451 
0.607843 
0.588235 
0.588235 
0.588235 
0.568627 
0.568627 
0.549020 
0.529412 
0.529412 
0.529412 
0.509804 
0.509804 
0.490196 
0.470588 
0.470588 
0.450980 
0.450980 
0.450980 
0.431373 
0.431373 
0.411765 
0.411765 
0.392157 
0.372549 
0.372549 
0.352941 
0.352941 
0.333333 
0.313725 
0.313725 
0.294118 
0.294118 
0.274510 
0.254902 
0.254902 
0.254902 
0.235294 
0.215686 
0.215686 
0.196078 
0.196078 
0.176471 
0.176471 
0.156863 
0.137255 
0.137255 
0.117647 
0.117647 
0.098039 
0.098039 
0.078431 
0.058824 
0.058824 
0.058824 
0.039216 
0.019608 
0.019608 
0.000000 
0.000000 
-0.019608 
-0.019608 
-0.039216 
-0.039216 
-0.058824 
-0.078431 
-0.078431 
-0.098039 
-0.117647 
-0.117647 
-0.137255 
-0.137255 
-0.156863 
-0.156863 
-0.156863 
-0.176471 
-0.196078 
-0.215686 
-0.215686 
-0.215686 
-0.235294 
-0.254902 
-0.254902 
-0.274510 
-0.294118 
-0.294118 
-0.294118 
-0.294118 
-0.313725 
-0.333333 
-0.352941 
-0.352941 
-0.372549 
-0.372549 
-0.392157 
-0.392157 
-0.411765 
-0.411765 
-0.431373 
-0.431373 
-0.450980 
-0.470588 
-0.470588 
-0.490196 
-0.490196 
-0.509804 
-0.509804 
-0.509804 
-0.529412 
-0.529412 
-0.549020 
-0.568627 
-0.568627 
-0.588235 
-0.588235 
-0.588235 
-0.607843 
-0.607843 
-0.627451 
-0.647059 
-0.647059 
-0.647059 
-0.666667 
-0.666667 
-0.686275 
-0.686275 
-0.686275 
-0.705882 
-0.725490 
-0.725490 
-0.725490 
-0.745098 
-0.745098 
-0.764706 
-0.764706 
-0.784314 
-0.784314 
-0.784314 
-0.803922 
-0.823529 
-0.823529 
-0.843137 
-0.843137 
-0.843137 
-0.843137 
-0.862745 
-0.862745 
-0.862745 
-0.882353 
-0.882353 
-0.882353 
-0.882353 
-0.901961 
-0.921569 
-0.921569 
-0.941176 
-0.921569 
-0.941176 
-0.941176 
-0.960784 
-0.960784 
-0.960784 
-0.980392 
-1.000000 
-1.000000 
-1.000000 
-1.000000 
-1.019608 
-1.019608 
-1.019608 
-1.039216 
-1.039216 
-1.039216 
-1.039216 
-1.058824 
-1.058824 
-1.058824 
-1.078431 
-1.078431 
-1.078431 
-1.078431 
-1.098039 
-1.098039 
-1.098039 
-1.098039 
-1.117647 
-1.117647 
-1.117647 
-1.137255 
-1.137255 
-1.137255 
-1.156863 
-1.137255 
-1.137255 
-1.156863 
-1.156863 
-1.156863 
-1.156863 
-1.156863 
-1.176471 
-1.176471 
-1.176471 
-1.196078 
-1.176471 
-1.196078 
-1.196078 
-1.196078 
-1.196078 
-1.196078 
-1.196078 
-1.196078 
-1.215686 
-1.215686 
-1.215686 
-1.215686 
-1.215686 
-1.215686 
-1.215686 
-1.215686 
-1.215686 
-1.235294 
-1.215686 
-1.215686 
-1.235294 
-1.235294 
-1.235294 
-1.235294 
-1.235294 
-1.235294 
-1.235294 
-1.235294 
-1.235294 
-1.235294 
-1.235294 
-1.235294 
-1.235294 
-1.235294 
-1.235294 
-1.235294 
-1.235294 
-1.235294 
-1.235294 
-1.235294 
-1.235294 
-1.235294 
-1.235294 
-1.235294 
-1.235294 
-1.235294 
-1.235294 
-1.235294 
-1.235294 
-1.235294 
-1.235294 
-1.215686 
-1.215686 
-1.215686 
-1.215686 
-1.215686 
-1.196078 
-1.215686 
-1.215686 
-1.196078 
-1.196078 
-1.196078 
-1.196078 
-1.196078 
-1.196078 
-1.176471 
-1.176471 
-1.176471 
-1.176471 
-1.176471 
-1.176471 
-1.156863 
-1.176471 
-1.156863 
-1.156863 
-1.156863 
-1.137255 
-1.137255 
-1.156863 
-1.137255 
-1.137255 
-1.117647 
-1.117647 
-1.117647 
-1.117647 
-1.098039 
-1.117647 
-1.098039 
-1.098039 
-1.098039 
-1.078431 
-1.078431 
-1.078431 
-1.058824 
-1.058824 
-1.058824 
-1.039216 
-1.039216 
-1.039216 
-1.039216 
-1.039216 
-1.019608 
-1.019608 
-1.000000 
-1.000000 
-1.000000 
-0.980392 
-0.980392 
-0.980392 
-0.960784 
-0.960784 
-0.960784 
-0.941176 
-0.941176 
-0.941176 
-0.921569 
-0.921569 
-0.921569 
-0.901961 
-0.901961 
-0.882353 
-0.882353 
-0.882353 
-0.882353 
-0.862745 
-0.862745 
-0.843137 
-0.843137 
-0.823529 
-0.823529 
-0.803922 
-0.803922 
-0.784314 
-0.784314 
-0.784314 
-0.764706 
-0.764706 
-0.764706 
-0.745098 
-0.745098 
-0.725490 
-0.725490 
-0.725490 
-0.705882 
-0.686275 
-0.686275 
-0.686275 
-0.666667 
-0.647059 
-0.647059 
-0.647059 
-0.627451 
-0.627451 
-0.607843 
-0.607843 
-0.588235 
-0.588235 
-0.568627 
-0.568627 
-0.568627 
-0.549020 
-0.529412 
-0.529412 
-0.509804 
-0.509804 
-0.490196 
-0.490196 
-0.470588 
-0.470588 
-0.450980 
-0.431373 
-0.431373 
-0.411765 
-0.411765 
-0.411765 
-0.392157 
-0.372549 
-0.372549 
-0.372549 
-0.352941 
-0.333333 
-0.313725 
-0.313725 
-0.294118 
-0.294118 
-0.274510 
-0.274510 
-0.274510 
-0.254902 
-0.235294 
-0.235294 
-0.215686 
-0.215686 
-0.196078 
-0.196078 
-0.176471 
-0.176471 
-0.156863 
-0.137255 
-0.137255 
-0.137255 
-0.117647 
-0.098039 
-0.078431 
-0.078431 
-0.058824 
-0.058824 
-0.039216 
-0.039216 
-0.019608 
0.000000 
0.000000 
0.000000 
0.019608 
0.019608 
0.039216 
0.058824 
0.058824 
0.078431 
0.078431 
0.078431 
0.098039 
0.117647 
0.137255 
0.137255 
0.156863 
0.176471 
0.176471 
0.176471 
0.196078 
0.215686 
0.235294 
0.235294 
0.235294 
0.254902 
0.274510 
0.274510 
0.274510 
0.294118 
0.313725 
0.333333 
0.333333 
0.333333 
0.352941 
0.352941 
0.372549 
0.392157 
0.392157 
0.411765 
0.411765 
0.431373 
0.431373 
0.450980 
0.450980 
0.450980 
0.470588 
0.490196 
0.490196 
0.509804 
0.509804 
0.529412 
0.529412 
0.549020 
0.549020 
0.568627 
0.588235 
0.588235 
0.588235 
0.607843 
0.607843 
0.607843 
0.627451 
0.647059 
0.647059 
0.647059 
0.666667 
0.686275 
0.686275 
0.705882 
0.705882 
0.705882 
0.725490 
0.725490 
0.745098 
0.745098 
0.764706 
0.784314 
0.764706 
0.784314 
0.803922 
0.803922 
0.803922 
0.823529 
0.823529 
0.823529 
0.843137 
0.843137 
0.862745 
0.862745 
0.882353 
0.882353 
0.901961 
0.901961 
0.901961 
0.921569 
0.921569 
0.941176 
0.941176 
0.960784 
0.960784 
0.960784 
0.960784 
0.980392 
0.980392 
0.980392 
1.000000 
1.000000 
1.000000 
1.019608 
1.019608 
1.019608 
1.019608 
1.039216 
1.039216 
1.039216 
1.058824 
1.058824 
1.058824 
1.078431 
1.078431 
1.078431 
1.098039 
1.078431 
1.098039 
1.098039 
1.098039 
1.117647 
1.117647 
1.117647 
1.137255 
1.137255 
1.137255 
1.156863 
1.156863 
1.156863 
1.156863 
1.156863 
1.176471 
1.176471 
1.176471 
1.176471 
1.176471 
1.176471 
1.196078 
1.215686 
1.196078 
1.196078 
1.196078 
1.196078 
1.215686 
1.215686 
1.215686 
1.215686 
1.215686 
1.215686 
1.215686 
1.215686 
1.235294 
1.215686 
1.235294 
1.235294 
1.235294 
1.235294 
1.235294 
1.235294 
1.235294 
1.235294 
1.235294 
1.235294 
1.254902 
1.254902 
1.254902 
1.235294 
1.254902 
1.235294 
1.254902 
1.254902 
1.254902 
1.254902 
1.254902 
1.254902 
1.254902 
1.254902 
1.254902 
1.254902 
1.254902 
1.254902 
1.254902 
1.254902 
1.254902 
1.254902 
1.254902 
1.254902 
1.235294 
1.235294 
1.235294 
1.254902 
1.235294 
1.235294 
1.235294 
1.235294 
1.235294 
1.215686 
1.235294 
1.235294 
1.215686 
1.235294 
1.235294 
1.235294 
1.215686 
1.215686 
1.215686 
1.196078 
1.196078 
1.196078 
1.196078 
1.196078 
1.196078 
1.176471 
1.196078 
1.176471 
1.176471 
1.176471 
1.176471 
1.156863 
1.156863 
1.156863 
1.156863 
1.137255 
1.137255 
1.137255 
1.137255 
1.117647 
1.117647 
1.117647 
1.098039 
1.098039 
1.098039 
1.098039 
1.098039 
1.098039 
1.078431 
1.078431 
1.078431 
1.058824 
1.058824 
1.039216 
1.039216 
1.019608 
1.039216 
1.019608 
1.019608 
1.019608 
1.019608 
1.019608 
1.000000 
0.980392 
1.000000 
0.980392 
0.980392 
0.960784 
0.960784 
0.941176 
0.941176 
0.941176 
0.921569 
0.921569 
0.901961 
0.901961 
0.901961 
0.882353 
0.882353 
0.862745 
0.862745 
0.843137 
0.843137 
0.843137 
0.823529 
0.823529 
0.823529 
0.823529 
0.803922 
0.803922 
0.784314 
0.784314 
0.764706 
0.764706 
0.745098 
0.745098 
0.725490 
0.725490 
0.705882 
0.705882 
0.686275 
0.686275 
0.666667 
0.666667 
0.647059 
0.647059 
0.647059 
0.627451 
0.607843 
0.607843 
0.607843 
0.588235 
0.588235 
0.588235 
0.568627 
0.549020 
0.529412 
0.529412 
0.529412 
0.509804 
0.490196 
0.490196 
0.490196 
0.470588 
0.470588 
0.450980 
0.450980 
0.431373 
0.411765 
0.411765 
0.392157 
0.392157 
0.372549 
0.372549 
0.352941 
0.352941 
0.333333 
0.313725 
0.313725 
0.294118 
0.294118 
0.294118 
0.274510 
0.254902 
0.254902 
0.235294 
0.235294 
0.235294 
0.215686 
0.196078 
0.196078 
0.176471 
0.156863 
0.156863 
0.137255 
0.137255 
0.117647 
0.098039 
0.078431 
0.078431 
0.058824 
0.058824 
0.058824 
0.039216 
0.019608 
0.019608 
0.019608 
0.000000 
-0.019608 
-0.019608 
-0.039216 
-0.039216 
-0.058824 
-0.078431 
-0.078431 
-0.098039 
-0.098039 
-0.117647 
-0.137255 
-0.137255 
-0.137255 
-0.156863 
-0.176471 
-0.176471 
-0.176471 
-0.196078 
-0.215686 
-0.215686 
-0.235294 
-0.235294 
-0.254902 
-0.274510 
-0.274510 
-0.294118 
-0.294118 
-0.313725 
-0.313725 
-0.333333 
-0.333333 
-0.352941 
-0.352941 
-0.372549 
-0.372549 
-0.392157 
-0.392157 
-0.411765 
-0.431373 
-0.431373 
-0.450980 
-0.470588 
-0.450980 
-0.490196 
-0.490196 
-0.490196 
-0.509804 
-0.509804 
-0.529412 
-0.529412 
-0.549020 
-0.549020 
-0.568627 
-0.588235 
-0.588235 
-0.607843 
-0.607843 
-0.627451 
-0.627451 
-0.627451 
-0.647059 
-0.647059 
-0.666667 
-0.666667 
-0.686275 
-0.686275 
-0.686275 
-0.705882 
-0.705882 
-0.725490 
-0.725490 
-0.745098 
-0.745098 
-0.764706 
-0.764706 
-0.764706 
-0.784314 
-0.784314 
-0.803922 
-0.803922 
-0.823529 
-0.823529 
-0.843137 
-0.843137 
-0.862745 
-0.862745 
-0.862745 
-0.862745 
-0.882353 
-0.882353 
-0.882353 
-0.901961 
-0.901961 
-0.901961 
-0.921569 
-0.941176 
-0.941176 
-0.921569 
-0.941176 
-0.960784 
-0.960784 
-0.980392 
-0.980392 
-1.000000 
-0.980392 
-1.000000 
-1.000000 
-1.000000 
-1.019608 
-1.019608 
-1.039216 
-1.039216 
-1.039216 
-1.039216 
-1.058824 
-1.058824 
-1.058824 
-1.078431 
-1.078431 
-1.078431 
-1.098039 
-1.078431 
-1.098039 
-1.098039 
-1.098039 
-1.117647 
-1.117647 
-1.117647 
-1.137255 
-1.137255 
-1.137255 
-1.137255 
-1.137255 
-1.137255 
-1.156863 
-1.156863 
-1.156863 
-1.176471 
-1.156863 
-1.176471 
-1.176471 
-1.176471 
-1.176471 
-1.176471 
-1.176471 
-1.196078 
-1.196078 
-1.196078 
-1.196078 
-1.196078 
-1.196078 
-1.215686 
-1.215686 
-1.215686 
-1.215686 
-1.215686 
-1.215686 
-1.215686 
-1.215686 
-1.235294 
-1.235294 
-1.235294 
-1.235294 
-1.235294 
-1.235294 
-1.235294 
-1.235294 
-1.235294 
-1.235294 
-1.235294 
-1.235294 
-1.235294 
-1.235294 
-1.235294 
-1.235294 
-1.235294 
-1.235294 
-1.235294 
-1.235294 
-1.235294 
-1.235294 
-1.235294 
-1.235294 
-1.235294 
