1.372549 
2.039216 
1.960784 
2.078431 
1.882353 
1.882353 
-0.117647 
-0.156863 
-0.196078 
-0.274510 
-0.235294 
-0.313725 
-0.313725 
-0.352941 
-0.392157 
-0.431373 
-0.470588 
-0.509804 
-0.509804 
-0.549020 
-0.549020 
-0.588235 
-0.627451 
-0.666667 
-0.666667 
-0.745098 
-0.745098 
-0.784314 
-0.823529 
-0.862745 
-0.862745 
-0.901961 
-0.901961 
-0.941176 
-0.980392 
-1.019608 
-1.058824 
-1.098039 
-1.098039 
-1.137255 
-1.137255 
-1.176471 
-1.215686 
-1.215686 
-1.254902 
-1.294118 
-1.294118 
-1.333333 
-1.372549 
-1.411765 
-1.411765 
-1.450980 
-1.450980 
-1.490196 
-1.529412 
-1.568627 
-1.568627 
-1.607843 
-1.607843 
-1.647059 
-1.686275 
-1.686275 
-1.725490 
-1.764706 
-1.764706 
-1.764706 
-1.803922 
-1.843137 
-1.843137 
-1.843137 
-1.843137 
-1.921569 
-1.921569 
-1.960784 
-1.960784 
-1.960784 
-2.000000 
-2.039216 
-2.039216 
-2.039216 
-2.078431 
-2.117647 
-2.117647 
-2.117647 
-2.156863 
-2.156863 
-2.156863 
-2.196078 
-2.196078 
-2.235294 
-2.235294 
-2.235294 
-2.235294 
-2.274510 
-2.274510 
-2.313725 
-2.313725 
-2.313725 
-2.313725 
-2.352941 
-2.352941 
-2.352941 
-2.352941 
-2.392157 
-2.392157 
-2.392157 
-2.392157 
-2.392157 
-2.431373 
-2.392157 
-2.431373 
-2.431373 
-2.470588 
-2.470588 
-2.470588 
-2.470588 
-2.470588 
-2.470588 
-2.470588 
-2.509804 
-2.470588 
-2.509804 
-2.509804 
-2.509804 
-2.470588 
-2.509804 
-2.509804 
-2.509804 
-2.509804 
-2.509804 
-2.509804 
-2.509804 
-2.509804 
-2.509804 
-2.509804 
-2.470588 
-2.509804 
-2.470588 
-2.470588 
-2.470588 
-2.470588 
-2.470588 
-2.470588 
-2.431373 
-2.431373 
-2.431373 
-2.431373 
-2.392157 
-2.431373 
-2.392157 
-2.392157 
-2.392157 
-2.392157 
-2.352941 
-2.352941 
-2.313725 
-2.352941 
-2.313725 
-2.313725 
-2.313725 
-2.274510 
-2.274510 
-2.235294 
-2.235294 
-2.235294 
-2.196078 
-2.196078 
-2.196078 
-2.156863 
-2.117647 
-2.117647 
-2.117647 
-2.117647 
-2.117647 
-2.078431 
-2.039216 
-2.039216 
-2.000000 
-1.960784 
-1.960784 
-1.960784 
-1.921569 
-1.921569 
-1.921569 
-1.882353 
-1.843137 
-1.843137 
-1.803922 
-1.803922 
-1.764706 
-1.725490 
-1.725490 
-1.686275 
-1.686275 
-1.647059 
-1.607843 
-1.568627 
-1.568627 
-1.568627 
-1.529412 
-1.529412 
-1.490196 
-1.490196 
-1.450980 
-1.411765 
-1.372549 
-1.372549 
-1.294118 
-1.294118 
-1.254902 
-1.254902 
-1.215686 
-1.176471 
-1.176471 
-1.137255 
-1.098039 
-1.098039 
-1.058824 
-1.019608 
-0.980392 
-0.941176 
-0.941176 
-0.901961 
-0.901961 
-0.862745 
-0.823529 
-0.784314 
-0.745098 
-0.705882 
-0.705882 
-0.666667 
-0.666667 
-0.627451 
-0.549020 
-0.549020 
-0.549020 
-0.509804 
-0.470588 
-0.431373 
-0.392157 
-0.352941 
-0.352941 
-0.313725 
-0.274510 
-0.235294 
-0.235294 
-0.156863 
-0.117647 
-0.078431 
-0.078431 
-0.039216 
0.000000 
0.039216 
0.039216 
0.078431 
0.117647 
0.117647 
0.156863 
0.196078 
0.235294 
0.274510 
0.313725 
0.313725 
0.392157 
0.392157 
0.431373 
0.431373 
0.509804 
0.509804 
0.549020 
0.588235 
0.588235 
0.666667 
0.666667 
0.705882 
0.745098 
0.784314 
0.784314 
0.784314 
0.823529 
0.862745 
0.901961 
0.941176 
0.941176 
0.980392 
1.019608 
1.058824 
1.058824 
1.098039 
1.137255 
1.137255 
1.176471 
1.215686 
1.215686 
1.254902 
1.294118 
1.333333 
1.333333 
1.372549 
1.411765 
1.411765 
1.450980 
1.490196 
1.490196 
1.529412 
1.568627 
1.568627 
1.607843 
1.607843 
1.647059 
1.647059 
1.686275 
1.686275 
1.725490 
1.764706 
1.803922 
1.803922 
1.843137 
1.843137 
1.843137 
1.882353 
1.882353 
1.960784 
1.960784 
1.960784 
2.000000 
2.000000 
2.039216 
2.039216 
2.078431 
2.078431 
2.078431 
2.117647 
2.156863 
2.156863 
2.156863 
2.156863 
2.156863 
2.196078 
2.235294 
2.235294 
2.235294 
2.274510 
2.274510 
2.274510 
2.274510 
2.313725 
2.313725 
2.313725 
2.352941 
2.352941 
2.352941 
2.352941 
2.392157 
2.392157 
2.392157 
2.431373 
2.431373 
2.392157 
2.431373 
2.431373 
2.470588 
2.470588 
2.470588 
2.470588 
2.470588 
2.470588 
2.470588 
2.470588 
2.470588 
2.470588 
2.470588 
2.470588 
2.509804 
2.470588 
2.470588 
2.470588 
2.470588 
2.470588 
2.470588 
2.470588 
2.509804 
2.470588 
2.470588 
2.470588 
2.470588 
2.470588 
2.470588 
2.470588 
2.470588 
2.470588 
2.470588 
2.470588 
2.431373 
2.431373 
2.431373 
2.431373 
2.392157 
2.392157 
2.392157 
2.392157 
2.352941 
2.392157 
2.352941 
2.352941 
2.313725 
2.352941 
2.313725 
2.313725 
2.313725 
2.274510 
2.274510 
2.274510 
2.235294 
2.196078 
2.196078 
2.196078 
2.156863 
2.156863 
2.156863 
2.156863 
2.117647 
2.117647 
2.078431 
2.078431 
2.078431 
2.039216 
2.000000 
2.000000 
2.000000 
1.960784 
1.960784 
1.921569 
1.882353 
1.882353 
1.843137 
1.843137 
1.803922 
1.803922 
1.764706 
1.725490 
1.725490 
1.686275 
1.686275 
1.647059 
1.607843 
1.607843 
1.568627 
1.568627 
1.529412 
1.529412 
1.490196 
1.450980 
1.411765 
1.411765 
1.372549 
1.333333 
1.333333 
1.294118 
1.294118 
1.254902 
1.215686 
1.176471 
1.137255 
1.137255 
1.137255 
1.098039 
1.058824 
1.019608 
0.980392 
0.980392 
0.941176 
0.901961 
0.862745 
0.862745 
0.823529 
0.784314 
0.745098 
0.745098 
0.705882 
0.666667 
0.666667 
0.627451 
0.588235 
0.549020 
0.509804 
0.470588 
0.470588 
0.431373 
0.392157 
0.352941 
0.313725 
0.313725 
0.274510 
0.235294 
0.196078 
0.196078 
0.117647 
0.117647 
0.078431 
0.039216 
0.039216 
0.000000 
-0.039216 
-0.078431 
-0.078431 
-0.117647 
-0.156863 
-0.196078 
-0.235294 
-0.274510 
-0.274510 
-0.313725 
-0.352941 
-0.392157 
-0.431373 
-0.431373 
-0.470588 
-0.509804 
-0.549020 
-0.588235 
-0.588235 
-0.627451 
-0.666667 
-0.705882 
-0.745098 
-0.745098 
-0.784314 
-0.823529 
-0.823529 
-0.901961 
-0.901961 
-0.941176 
-0.941176 
-1.019608 
-1.019608 
-1.058824 
-1.098039 
-1.098039 
-1.137255 
-1.176471 
-1.176471 
-1.215686 
-1.215686 
-1.254902 
-1.294118 
-1.294118 
-1.372549 
-1.372549 
-1.372549 
-1.411765 
-1.450980 
-1.490196 
-1.490196 
-1.529412 
-1.529412 
-1.568627 
-1.607843 
-1.607843 
-1.647059 
-1.647059 
-1.686275 
-1.725490 
-1.725490 
-1.764706 
-1.764706 
-1.803922 
-1.843137 
-1.843137 
-1.882353 
-1.882353 
-1.921569 
-1.921569 
-1.921569 
-1.960784 
-2.000000 
-2.000000 
-2.000000 
-2.039216 
-2.039216 
-2.078431 
-2.078431 
-2.117647 
-2.117647 
-2.117647 
-2.156863 
-2.156863 
-2.196078 
-2.196078 
-2.235294 
-2.235294 
-2.235294 
-2.274510 
-2.274510 
-2.274510 
-2.313725 
-2.313725 
-2.313725 
-2.352941 
-2.313725 
-2.352941 
-2.352941 
-2.392157 
-2.392157 
-2.392157 
-2.392157 
-2.392157 
-2.431373 
-2.431373 
-2.431373 
-2.431373 
-2.470588 
-2.431373 
-2.470588 
-2.470588 
-2.470588 
-2.470588 
-2.470588 
-2.470588 
-2.470588 
-2.509804 
-2.470588 
-2.509804 
-2.509804 
-2.509804 
-2.509804 
-2.509804 
-2.509804 
-2.509804 
-2.509804 
-2.509804 
-2.509804 
-2.509804 
-2.509804 
-2.509804 
-2.509804 
-2.470588 
-2.470588 
-2.509804 
-2.509804 
-2.470588 
-2.470588 
-2.470588 
-2.470588 
-2.392157 
-2.431373 
-2.431373 
-2.431373 
-2.392157 
-2.392157 
-2.392157 
-2.392157 
-2.392157 
-2.352941 
-2.352941 
-2.313725 
-2.313725 
-2.313725 
-2.313725 
-2.313725 
-2.274510 
-2.274510 
-2.274510 
-2.235294 
-2.235294 
-2.196078 
-2.235294 
-2.196078 
-2.156863 
-2.156863 
-2.117647 
-2.117647 
-2.117647 
-2.078431 
-2.039216 
-2.039216 
-2.000000 
-2.000000 
-2.000000 
-1.960784 
-1.960784 
-1.921569 
-1.921569 
-1.882353 
-1.882353 
-1.843137 
-1.803922 
-1.803922 
-1.803922 
-1.764706 
-1.764706 
-1.725490 
-1.686275 
-1.647059 
-1.647059 
-1.607843 
-1.607843 
-1.568627 
-1.568627 
-1.529412 
-1.490196 
-1.490196 
-1.450980 
-1.450980 
-1.411765 
-1.372549 
-1.372549 
-1.333333 
-1.294118 
-1.254902 
-1.254902 
-1.215686 
-1.215686 
-1.176471 
-1.137255 
-1.098039 
-1.098039 
-1.058824 
-1.019608 
-1.019608 
-0.980392 
-0.941176 
-0.901961 
-0.901961 
-0.862745 
-0.823529 
-0.784314 
-0.745098 
-0.745098 
-0.705882 
-0.666667 
-0.627451 
-0.627451 
-0.588235 
-0.549020 
-0.549020 
-0.509804 
-0.470588 
-0.431373 
-0.431373 
-0.392157 
-0.352941 
-0.313725 
-0.274510 
-0.235294 
-0.196078 
-0.156863 
-0.117647 
-0.117647 
-0.078431 
-0.039216 
0.000000 
0.039216 
0.039216 
0.078431 
0.117647 
0.156863 
0.156863 
0.196078 
0.235294 
0.235294 
0.313725 
0.313725 
0.392157 
0.392157 
0.431373 
0.470588 
0.470588 
0.509804 
0.549020 
0.588235 
0.588235 
0.666667 
0.666667 
0.705882 
0.745098 
0.784314 
0.784314 
0.823529 
0.823529 
0.862745 
0.901961 
0.941176 
0.941176 
0.980392 
1.019608 
1.058824 
1.058824 
1.098039 
1.137255 
1.137255 
1.176471 
1.215686 
1.254902 
1.254902 
1.294118 
1.294118 
1.333333 
1.372549 
1.411765 
1.411765 
1.450980 
1.490196 
1.490196 
1.529412 
1.529412 
1.568627 
1.568627 
1.607843 
1.647059 
1.686275 
1.686275 
1.725490 
1.725490 
1.764706 
1.803922 
1.803922 
1.843137 
1.843137 
1.882353 
1.882353 
1.921569 
1.921569 
1.960784 
2.000000 
2.000000 
2.000000 
2.000000 
2.039216 
2.078431 
2.078431 
2.078431 
2.117647 
2.156863 
2.156863 
2.156863 
2.156863 
2.196078 
2.196078 
2.196078 
2.235294 
2.235294 
2.274510 
2.274510 
2.274510 
2.274510 
2.313725 
2.313725 
2.313725 
2.352941 
2.352941 
2.352941 
2.392157 
2.392157 
2.392157 
2.392157 
2.392157 
2.392157 
2.431373 
2.470588 
2.431373 
2.431373 
2.470588 
2.470588 
2.470588 
2.470588 
2.470588 
2.470588 
2.470588 
2.470588 
2.470588 
2.470588 
2.470588 
2.470588 
2.470588 
2.470588 
2.470588 
2.470588 
2.470588 
2.470588 
2.470588 
2.509804 
2.470588 
2.470588 
2.470588 
2.470588 
2.470588 
2.470588 
2.470588 
2.470588 
2.470588 
2.470588 
2.431373 
2.470588 
2.431373 
2.431373 
2.431373 
2.392157 
2.392157 
2.392157 
2.392157 
2.392157 
2.352941 
2.352941 
2.352941 
2.352941 
2.313725 
2.313725 
2.274510 
2.274510 
2.274510 
2.274510 
2.235294 
2.235294 
2.235294 
2.196078 
2.196078 
2.156863 
2.156863 
2.156863 
2.156863 
2.117647 
2.078431 
2.078431 
2.078431 
2.039216 
2.039216 
2.000000 
2.000000 
1.960784 
1.960784 
1.960784 
1.921569 
1.921569 
1.882353 
1.843137 
1.843137 
1.803922 
1.803922 
1.764706 
1.725490 
1.686275 
1.686275 
1.686275 
1.647059 
1.607843 
1.607843 
1.607843 
1.568627 
1.529412 
1.490196 
1.450980 
1.450980 
1.450980 
1.411765 
1.372549 
1.372549 
1.333333 
1.294118 
1.294118 
1.254902 
1.215686 
1.215686 
1.176471 
1.137255 
1.137255 
1.058824 
1.058824 
1.019608 
0.980392 
0.941176 
0.941176 
0.941176 
0.862745 
0.823529 
0.823529 
0.784314 
0.784314 
0.745098 
0.705882 
0.666667 
0.627451 
0.627451 
0.588235 
0.549020 
0.509804 
0.509804 
0.470588 
0.431373 
0.392157 
0.392157 
0.352941 
0.313725 
0.274510 
0.235294 
0.196078 
0.196078 
0.156863 
0.117647 
0.117647 
0.039216 
0.039216 
0.000000 
-0.039216 
-0.078431 
-0.117647 
-0.117647 
-0.156863 
-0.196078 
-0.235294 
-0.274510 
-0.274510 
-0.313725 
-0.352941 
-0.392157 
-0.431373 
-0.431373 
-0.470588 
-0.509804 
-0.549020 
-0.549020 
-0.588235 
-0.627451 
-0.666667 
-0.705882 
-0.705882 
-0.745098 
-0.784314 
-0.784314 
-0.823529 
-0.862745 
-0.901961 
-0.941176 
-0.941176 
-0.980392 
-1.019608 
-1.058824 
-1.058824 
-1.098039 
-1.137255 
-1.176471 
-1.176471 
-1.215686 
-1.215686 
-1.254902 
-1.294118 
-1.294118 
-1.333333 
-1.372549 
-1.372549 
-1.411765 
-1.450980 
-1.490196 
-1.490196 
-1.529412 
-1.568627 
-1.568627 
-1.607843 
-1.607843 
-1.607843 
-1.647059 
-1.686275 
-1.686275 
-1.764706 
-1.764706 
-1.764706 
-1.803922 
-1.803922 
-1.843137 
-1.882353 
-1.882353 
-1.921569 
-1.921569 
-1.960784 
-1.960784 
-1.960784 
-2.039216 
-2.039216 
-2.039216 
-2.039216 
-2.078431 
-2.078431 
-2.117647 
-2.117647 
-2.156863 
-2.156863 
-2.196078 
-2.196078 
-2.196078 
-2.235294 
-2.235294 
-2.235294 
-2.274510 
-2.274510 
-2.313725 
-2.274510 
-2.313725 
-2.313725 
-2.352941 
-2.352941 
-2.352941 
-2.352941 
-2.392157 
-2.392157 
-2.392157 
-2.392157 
-2.392157 
-2.431373 
-2.431373 
-2.431373 
-2.431373 
-2.431373 
-2.470588 
-2.470588 
-2.470588 
-2.470588 
-2.470588 
-2.470588 
-2.509804 
-2.470588 
-2.509804 
-2.509804 
-2.509804 
-2.509804 
-2.509804 
-2.509804 
-2.509804 
-2.509804 
-2.509804 
-2.509804 
-2.509804 
-2.509804 
-2.509804 
-2.470588 
-2.470588 
-2.509804 
-2.470588 
-2.470588 
-2.470588 
-2.431373 
-2.470588 
-2.470588 
-2.470588 
-2.431373 
-2.431373 
-2.431373 
-2.392157 
-2.431373 
-2.392157 
-2.392157 
-2.392157 
-2.392157 
-2.392157 
-2.352941 
-2.352941 
-2.313725 
-2.313725 
-2.313725 
-2.313725 
-2.274510 
-2.274510 
-2.274510 
-2.235294 
-2.235294 
-2.235294 
-2.196078 
-2.196078 
-2.196078 
-2.156863 
-2.156863 
-2.117647 
-2.117647 
-2.078431 
-2.078431 
-2.078431 
-2.039216 
-2.039216 
-2.000000 
-1.960784 
-1.960784 
-1.921569 
-1.921569 
-1.921569 
-1.921569 
-1.882353 
-1.843137 
-1.843137 
-1.803922 
-1.803922 
-1.764706 
-1.725490 
-1.725490 
-1.686275 
-1.647059 
-1.647059 
-1.607843 
-1.607843 
-1.568627 
-1.568627 
-1.529412 
-1.529412 
-1.490196 
-1.450980 
-1.450980 
-1.411765 
-1.411765 
-1.372549 
-1.333333 
-1.294118 
-1.294118 
-1.254902 
-1.215686 
-1.176471 
-1.176471 
-1.137255 
-1.098039 
-1.098039 
-1.058824 
-1.019608 
-1.019608 
-0.980392 
-0.941176 
-0.901961 
-0.862745 
-0.823529 
-0.823529 
-0.784314 
-0.784314 
-0.745098 
-0.705882 
-0.666667 
-0.627451 
-0.627451 
-0.549020 
-0.549020 
-0.509804 
-0.470588 
-0.470588 
-0.431373 
-0.392157 
-0.352941 
-0.352941 
-0.313725 
-0.274510 
-0.235294 
-0.196078 
-0.156863 
-0.156863 
-0.117647 
-0.078431 
-0.039216 
0.000000 
0.039216 
0.039216 
0.078431 
0.117647 
0.117647 
0.156863 
0.196078 
0.196078 
0.274510 
0.313725 
0.313725 
0.352941 
0.392157 
0.392157 
0.470588 
0.470588 
0.509804 
0.549020 
0.588235 
0.588235 
0.627451 
0.666667 
0.705882 
0.745098 
0.745098 
0.784314 
0.823529 
0.823529 
0.862745 
0.901961 
0.901961 
0.941176 
0.980392 
1.019608 
1.058824 
1.058824 
1.098039 
1.137255 
1.137255 
1.176471 
1.215686 
1.215686 
1.254902 
1.294118 
1.333333 
1.333333 
1.372549 
1.372549 
1.411765 
1.450980 
1.450980 
1.490196 
1.529412 
1.529412 
1.568627 
1.568627 
1.607843 
1.647059 
1.686275 
1.686275 
1.725490 
1.764706 
1.764706 
1.764706 
1.803922 
1.843137 
1.843137 
1.882353 
1.882353 
1.921569 
1.921569 
1.960784 
1.960784 
2.000000 
2.000000 
2.000000 
2.078431 
2.078431 
2.078431 
2.078431 
2.117647 
2.117647 
2.156863 
2.156863 
2.196078 
2.156863 
2.196078 
2.196078 
2.235294 
2.274510 
2.235294 
2.274510 
2.274510 
2.274510 
2.313725 
2.313725 
2.352941 
2.352941 
2.352941 
2.352941 
2.352941 
2.392157 
2.392157 
2.392157 
2.392157 
2.431373 
2.431373 
2.431373 
2.431373 
2.470588 
2.470588 
2.470588 
2.470588 
2.470588 
2.470588 
2.470588 
2.470588 
2.470588 
2.470588 
2.470588 
2.509804 
2.470588 
2.509804 
2.509804 
2.470588 
2.470588 
2.470588 
2.470588 
2.509804 
2.509804 
2.509804 
2.470588 
2.470588 
2.470588 
2.470588 
2.470588 
2.470588 
2.470588 
2.470588 
2.470588 
2.431373 
2.431373 
2.431373 
2.431373 
2.431373 
2.431373 
2.392157 
2.392157 
2.392157 
2.392157 
2.352941 
2.352941 
2.352941 
2.352941 
2.352941 
2.313725 
2.313725 
2.274510 
2.274510 
2.274510 
2.235294 
2.235294 
2.196078 
2.196078 
2.196078 
2.156863 
2.156863 
2.156863 
2.156863 
2.117647 
2.117647 
2.078431 
2.078431 
2.078431 
2.039216 
2.000000 
2.000000 
2.000000 
1.960784 
1.921569 
1.921569 
1.882353 
1.882353 
1.843137 
1.803922 
1.803922 
1.803922 
1.764706 
1.764706 
1.725490 
1.686275 
1.647059 
1.647059 
1.607843 
1.607843 
1.568627 
1.568627 
1.529412 
1.490196 
1.450980 
1.450980 
1.450980 
1.411765 
1.372549 
1.372549 
1.333333 
1.294118 
1.254902 
1.254902 
1.215686 
1.215686 
1.176471 
1.137255 
1.137255 
1.098039 
1.058824 
1.019608 
0.980392 
0.980392 
0.941176 
0.901961 
0.862745 
0.862745 
0.823529 
0.784314 
0.784314 
0.745098 
0.705882 
0.666667 
0.627451 
0.588235 
0.588235 
0.549020 
0.509804 
0.509804 
0.431373 
0.431373 
0.392157 
0.392157 
0.313725 
0.313725 
0.274510 
0.235294 
0.196078 
0.156863 
0.156863 
0.117647 
0.117647 
0.078431 
0.039216 
0.000000 
-0.039216 
-0.078431 
-0.078431 
-0.156863 
-0.156863 
-0.196078 
-0.235294 
-0.274510 
-0.274510 
-0.313725 
-0.352941 
-0.392157 
-0.431373 
-0.431373 
-0.470588 
-0.509804 
-0.549020 
-0.588235 
-0.627451 
-0.627451 
-0.666667 
-0.666667 
-0.705882 
-0.745098 
-0.784314 
-0.823529 
-0.862745 
-0.901961 
-0.901961 
-0.901961 
-0.941176 
-0.980392 
-1.019608 
-1.019608 
-1.058824 
-1.098039 
-1.098039 
-1.176471 
-1.176471 
-1.215686 
-1.254902 
-1.254902 
-1.294118 
-1.333333 
-1.372549 
-1.372549 
-1.372549 
-1.411765 
-1.450980 
-1.450980 
-1.490196 
-1.529412 
-1.568627 
-1.568627 
-1.568627 
-1.607843 
-1.647059 
-1.647059 
-1.686275 
-1.686275 
-1.725490 
-1.725490 
-1.764706 
-1.803922 
-1.803922 
-1.843137 
-1.882353 
-1.882353 
-1.921569 
-1.921569 
-1.921569 
-1.960784 
-1.960784 
-1.960784 
-2.000000 
-2.039216 
-2.039216 
-2.039216 
-2.078431 
-2.117647 
-2.117647 
-2.156863 
-2.156863 
-2.156863 
-2.196078 
-2.196078 
-2.235294 
-2.235294 
-2.235294 
-2.274510 
-2.274510 
-2.274510 
-2.313725 
-2.313725 
-2.313725 
-2.352941 
-2.352941 
-2.352941 
-2.352941 
-2.392157 
-2.392157 
-2.392157 
-2.392157 
-2.392157 
-2.392157 
-2.431373 
-2.431373 
-2.431373 
-2.431373 
-2.470588 
-2.470588 
-2.470588 
-2.470588 
-2.470588 
-2.470588 
-2.509804 
-2.509804 
-2.509804 
-2.470588 
-2.509804 
-2.509804 
-2.509804 
-2.509804 
-2.509804 
-2.509804 
-2.509804 
-2.509804 
-2.509804 
-2.470588 
-2.509804 
-2.509804 
-2.470588 
-2.509804 
-2.509804 
-2.470588 
-2.470588 
-2.470588 
-2.470588 
-2.470588 
-2.431373 
-2.431373 
-2.431373 
-2.431373 
-2.431373 
-2.431373 
-2.392157 
-2.392157 
-2.392157 
-2.392157 
-2.392157 
-2.352941 
-2.352941 
-2.352941 
-2.313725 
-2.313725 
-2.313725 
-2.313725 
-2.313725 
-2.274510 
-2.235294 
-2.235294 
-2.235294 
-2.196078 
-2.235294 
-2.156863 
-2.156863 
-2.156863 
-2.117647 
-2.117647 
-2.078431 
-2.078431 
-2.039216 
-2.039216 
-2.039216 
-2.000000 
-1.960784 
-1.960784 
-1.921569 
-1.921569 
-1.921569 
-1.882353 
-1.882353 
-1.843137 
-1.843137 
-1.803922 
-1.803922 
-1.764706 
-1.764706 
-1.725490 
-1.725490 
-1.686275 
-1.647059 
-1.647059 
-1.607843 
-1.568627 
-1.568627 
-1.529412 
-1.490196 
-1.490196 
-1.450980 
-1.450980 
-1.411765 
-1.372549 
-1.333333 
-1.333333 
-1.294118 
-1.294118 
-1.254902 
-1.215686 
-1.176471 
-1.176471 
-1.137255 
-1.137255 
-1.098039 
-1.058824 
-1.019608 
-1.019608 
-0.980392 
-0.941176 
-0.901961 
-0.901961 
-0.862745 
-0.823529 
-0.823529 
-0.784314 
-0.705882 
-0.705882 
-0.666667 
-0.627451 
-0.627451 
-0.549020 
-0.549020 
-0.549020 
-0.509804 
-0.470588 
-0.431373 
-0.431373 
-0.352941 
-0.352941 
-0.313725 
-0.274510 
-0.235294 
-0.196078 
-0.156863 
-0.156863 
-0.117647 
-0.078431 
-0.078431 
0.000000 
0.039216 
0.039216 
0.078431 
0.117647 
0.117647 
0.156863 
0.196078 
0.235294 
0.274510 
0.274510 
0.313725 
0.352941 
0.392157 
0.392157 
0.431373 
0.470588 
0.509804 
0.549020 
0.588235 
0.588235 
0.666667 
0.666667 
0.666667 
0.745098 
0.784314 
0.784314 
0.823529 
0.823529 
0.862745 
0.901961 
0.941176 
0.941176 
0.980392 
0.980392 
1.058824 
1.058824 
1.098039 
1.137255 
1.137255 
1.176471 
1.215686 
1.254902 
1.254902 
1.294118 
1.333333 
1.333333 
1.372549 
1.372549 
1.411765 
1.450980 
1.490196 
1.490196 
1.529412 
1.529412 
1.568627 
1.607843 
1.647059 
1.647059 
1.647059 
1.686275 
1.686275 
1.725490 
1.764706 
1.764706 
1.803922 
1.843137 
1.843137 
1.882353 
1.882353 
1.921569 
1.960784 
1.960784 
1.960784 
2.000000 
2.000000 
2.039216 
2.078431 
2.078431 
2.078431 
2.117647 
2.117647 
2.117647 
2.156863 
2.156863 
2.156863 
2.156863 
2.196078 
2.196078 
2.235294 
2.235294 
2.274510 
2.274510 
2.274510 
2.313725 
2.313725 
2.313725 
2.352941 
2.352941 
2.352941 
2.352941 
2.352941 
2.392157 
2.392157 
2.392157 
2.431373 
2.431373 
2.431373 
2.431373 
2.431373 
2.470588 
2.431373 
2.470588 
2.470588 
2.470588 
2.470588 
2.470588 
2.470588 
2.470588 
2.470588 
2.509804 
2.470588 
2.470588 
2.470588 
2.470588 
2.470588 
2.470588 
2.470588 
2.470588 
2.470588 
2.470588 
2.470588 
2.470588 
2.470588 
2.470588 
2.470588 
2.470588 
2.470588 
2.470588 
2.470588 
2.470588 
2.431373 
2.431373 
2.431373 
2.431373 
2.431373 
2.431373 
2.392157 
2.392157 
2.392157 
2.352941 
2.352941 
2.352941 
2.352941 
2.352941 
2.313725 
2.313725 
2.313725 
2.274510 
2.274510 
2.274510 
2.274510 
2.235294 
2.235294 
2.196078 
2.196078 
2.196078 
2.156863 
2.156863 
2.156863 
2.117647 
2.117647 
2.078431 
2.078431 
2.078431 
2.039216 
2.000000 
2.000000 
1.960784 
1.960784 
1.921569 
1.921569 
1.882353 
1.882353 
1.843137 
1.803922 
1.803922 
1.803922 
1.764706 
1.764706 
1.725490 
1.686275 
1.686275 
1.647059 
1.647059 
1.607843 
1.607843 
1.529412 
1.529412 
1.490196 
1.450980 
1.450980 
1.411765 
1.411765 
1.372549 
1.372549 
1.333333 
1.294118 
1.294118 
1.254902 
1.215686 
1.176471 
1.176471 
1.137255 
1.098039 
1.098039 
1.058824 
1.019608 
0.980392 
0.941176 
0.941176 
0.901961 
0.862745 
0.862745 
0.823529 
0.784314 
0.784314 
0.745098 
0.705882 
0.666667 
0.666667 
0.627451 
0.588235 
0.549020 
0.509804 
0.509804 
0.470588 
0.431373 
0.392157 
0.392157 
0.313725 
0.313725 
0.274510 
0.235294 
0.196078 
0.196078 
0.156863 
0.117647 
0.117647 
0.078431 
0.039216 
0.000000 
-0.039216 
-0.039216 
-0.078431 
-0.117647 
-0.156863 
-0.196078 
-0.235294 
-0.274510 
-0.274510 
-0.352941 
-0.352941 
-0.392157 
-0.431373 
-0.431373 
-0.470588 
-0.509804 
-0.549020 
-0.549020 
-0.588235 
-0.627451 
-0.666667 
-0.705882 
-0.745098 
-0.745098 
-0.784314 
-0.823529 
-0.823529 
-0.862745 
-0.901961 
-0.941176 
-0.941176 
-0.980392 
-1.019608 
-1.019608 
-1.098039 
-1.098039 
-1.137255 
-1.137255 
-1.176471 
-1.215686 
-1.215686 
-1.254902 
-1.294118 
-1.294118 
-1.333333 
-1.372549 
-1.372549 
-1.411765 
-1.411765 
-1.490196 
-1.490196 
-1.529412 
-1.568627 
-1.568627 
-1.607843 
-1.607843 
-1.647059 
-1.686275 
-1.686275 
-1.686275 
-1.725490 
-1.764706 
-1.764706 
-1.803922 
-1.843137 
-1.882353 
-1.882353 
-1.882353 
-1.921569 
-1.921569 
-1.921569 
-1.960784 
-2.000000 
-2.000000 
-2.039216 
-2.039216 
-2.039216 
-2.078431 
-2.078431 
-2.078431 
-2.117647 
-2.156863 
-2.156863 
-2.156863 
-2.196078 
-2.196078 
-2.235294 
-2.235294 
-2.235294 
-2.274510 
-2.274510 
-2.274510 
-2.313725 
-2.313725 
-2.313725 
-2.352941 
-2.352941 
-2.352941 
-2.352941 
-2.392157 
-2.392157 
-2.392157 
-2.392157 
-2.392157 
-2.392157 
-2.431373 
-2.431373 
-2.431373 
-2.470588 
-2.470588 
-2.470588 
-2.470588 
-2.470588 
-2.509804 
-2.470588 
-2.470588 
-2.470588 
-2.509804 
-2.470588 
-2.470588 
-2.470588 
-2.509804 
-2.509804 
-2.509804 
-2.509804 
-2.509804 
-2.509804 
-2.509804 
-2.509804 
-2.509804 
-2.509804 
-2.509804 
-2.470588 
-2.509804 
-2.470588 
-2.470588 
-2.470588 
-2.470588 
-2.431373 
-2.470588 
-2.431373 
-2.470588 
-2.431373 
-2.392157 
-2.431373 
-2.431373 
-2.392157 
-2.392157 
-2.392157 
-2.352941 
-2.352941 
-2.352941 
-2.352941 
-2.313725 
-2.313725 
-2.313725 
-2.313725 
-2.274510 
-2.274510 
-2.235294 
-2.235294 
-2.196078 
-2.235294 
-2.196078 
-2.196078 
-2.156863 
-2.156863 
-2.117647 
-2.117647 
-2.078431 
-2.117647 
-2.078431 
-2.039216 
-2.039216 
-2.000000 
-2.000000 
-1.960784 
-1.960784 
-1.921569 
-1.921569 
-1.921569 
-1.882353 
-1.882353 
-1.843137 
-1.803922 
-1.764706 
-1.764706 
-1.764706 
-1.725490 
-1.686275 
-1.686275 
-1.647059 
-1.647059 
-1.607843 
-1.607843 
-1.568627 
-1.529412 
-1.529412 
-1.490196 
-1.450980 
-1.411765 
-1.411765 
-1.372549 
-1.372549 
-1.333333 
-1.294118 
-1.294118 
-1.254902 
-1.215686 
-1.176471 
-1.176471 
-1.137255 
-1.098039 
-1.098039 
-1.058824 
-1.019608 
-1.019608 
-0.980392 
-0.941176 
-0.901961 
-0.901961 
-0.862745 
-0.823529 
-0.784314 
-0.745098 
-0.705882 
-0.705882 
-0.666667 
-0.627451 
-0.627451 
-0.588235 
-0.549020 
-0.509804 
-0.470588 
-0.470588 
-0.431373 
-0.431373 
-0.352941 
-0.352941 
-0.313725 
-0.274510 
-0.235294 
-0.196078 
-0.156863 
-0.117647 
-0.117647 
-0.078431 
-0.039216 
0.000000 
0.039216 
0.039216 
0.078431 
0.117647 
0.156863 
0.156863 
0.196078 
0.235294 
0.274510 
0.274510 
0.313725 
0.352941 
0.392157 
0.431373 
0.431373 
0.470588 
0.509804 
0.549020 
0.588235 
0.588235 
0.666667 
0.666667 
0.666667 
0.705882 
0.745098 
0.784314 
0.784314 
0.862745 
0.862745 
0.901961 
0.941176 
0.941176 
1.019608 
1.019608 
1.058824 
1.058824 
1.098039 
1.137255 
1.137255 
1.176471 
1.215686 
1.254902 
1.254902 
1.294118 
1.333333 
1.333333 
1.372549 
1.411765 
1.411765 
1.450980 
1.450980 
1.490196 
1.490196 
1.529412 
1.568627 
1.568627 
1.607843 
1.647059 
1.647059 
1.686275 
1.686275 
1.725490 
1.764706 
1.803922 
1.803922 
1.843137 
1.843137 
1.882353 
1.882353 
1.882353 
1.921569 
1.960784 
1.960784 
2.000000 
2.000000 
2.039216 
2.039216 
2.078431 
2.078431 
2.078431 
2.117647 
2.117647 
2.156863 
2.156863 
2.156863 
2.196078 
2.196078 
2.235294 
2.235294 
2.235294 
2.274510 
2.274510 
2.313725 
2.313725 
2.313725 
2.313725 
2.352941 
2.352941 
2.352941 
2.352941 
2.352941 
2.392157 
2.392157 
2.392157 
2.431373 
2.431373 
2.431373 
2.431373 
2.431373 
2.470588 
2.470588 
2.470588 
2.470588 
2.470588 
2.470588 
2.470588 
2.470588 
2.470588 
2.470588 
2.470588 
2.470588 
2.509804 
2.470588 
2.470588 
2.470588 
2.470588 
2.470588 
2.470588 
2.470588 
2.470588 
2.470588 
2.470588 
2.470588 
2.470588 
2.470588 
2.470588 
2.470588 
2.470588 
2.470588 
2.431373 
2.431373 
2.431373 
2.431373 
2.431373 
2.431373 
2.431373 
2.392157 
2.392157 
2.352941 
2.392157 
2.352941 
2.352941 
2.352941 
2.352941 
2.352941 
2.313725 
2.313725 
2.274510 
2.274510 
2.274510 
2.235294 
2.235294 
2.196078 
2.196078 
2.196078 
2.156863 
2.156863 
2.156863 
2.156863 
2.117647 
2.117647 
2.078431 
2.078431 
2.078431 
2.039216 
2.000000 
2.000000 
2.000000 
1.960784 
1.921569 
1.921569 
1.921569 
1.882353 
1.843137 
1.843137 
1.803922 
1.803922 
1.764706 
1.725490 
1.725490 
1.686275 
1.686275 
1.647059 
1.647059 
1.568627 
1.568627 
1.568627 
1.529412 
1.529412 
1.490196 
1.450980 
1.450980 
1.411765 
1.411765 
1.372549 
1.333333 
1.294118 
1.294118 
1.254902 
1.215686 
1.176471 
1.176471 
1.137255 
1.137255 
1.098039 
1.058824 
1.019608 
1.019608 
0.980392 
0.941176 
0.901961 
0.901961 
0.862745 
0.823529 
0.784314 
0.784314 
0.745098 
0.705882 
0.666667 
0.666667 
0.627451 
0.588235 
0.588235 
0.509804 
0.509804 
0.431373 
0.431373 
0.392157 
0.392157 
0.352941 
0.313725 
0.274510 
0.235294 
0.196078 
0.156863 
0.156863 
0.117647 
0.078431 
