
-0.11742
0.03766
0.12753
0.52741
0.55961
0.97011
0.87294
1.10762
1.49328
1.21601
1.48659
1.47793
2.02184
1.78423
2.24000
2.25713
2.61748
2.51431
2.78755
2.94746
2.92771
3.04717
3.17581
3.11682
3.65234
3.43778
3.96662
4.09502
4.01912
4.03794
4.19325
4.28110
4.51718
4.45609
4.53670
4.80811
4.60368
5.19003
5.12541
5.20047
5.01241
5.38059
5.52429
5.63594
5.75089
5.90356
5.66234
5.88695
5.95914
5.87948
6.19367
6.20465
6.39746
6.28783
6.40967
6.51325
6.37047
6.55788
6.66190
6.60992
6.95278
6.72332
6.62497
6.74323
6.92219
7.04452
7.09425
7.20986
6.93848
7.19144
7.08577
6.96795
6.79547
6.79686
6.85647
6.88940
6.84345
6.70185
6.96925
6.62352
6.87250
6.74658
6.60708
6.60574
6.42558
6.56879
6.68207
6.41767
6.54118
6.50734
6.71165
6.48371
6.46957
6.33791
6.27464
6.19983
6.15295
5.86407
5.77518
5.82355
5.95714
5.89374
5.47034
5.40006
5.39892
5.18958
5.22177
5.19264
5.11197
4.90791
4.90129
4.63040
4.73950
4.26775
4.34253
4.42977
4.10380
3.95564
4.11233
3.73256
3.68306
3.37253
3.20586
3.14298
3.39016
2.83248
3.14641
2.89433
2.44657
2.34387
2.50834
1.96045
2.07021
2.07995
1.52340
1.41316
1.53725
1.25701
1.05666
0.67465
1.02605
0.87686
0.75653
0.23403
0.28487
0.04222
-0.15983
-0.09719
-0.45176
-0.56313
-0.61595
-0.97793
-0.70182
-0.82443
-0.99366
-1.43174
-1.50716
-1.79725
-2.12385
-1.82755
-2.05309
-2.06382
-2.51975
-2.62995
-2.68382
-3.13747
-3.22077
-3.23917
-3.45011
-3.56240
-3.50692
-3.54160
-3.79650
-4.02797
-4.26790
-4.41838
-4.37772
-4.30573
-4.39539
-4.88660
-4.72099
-4.92291
-4.91159
-4.84225
-5.12367
-5.44039
-5.42100
-5.38883
-5.40288
-5.64168
-5.41700
-5.90535
-5.87789
-5.75462
-6.04287
-6.20007
-6.39432
-6.27783
-6.36422
-6.34095
-6.29431
-6.31809
-6.56742
-6.76845
-6.78436
-6.50737
-7.06932
-6.70437
-7.01799
-6.89335
-7.03169
-6.77433
-6.91050
-6.80341
-6.97067
-6.93153
-7.01220
-6.80056
-6.76494
-7.15153
-6.98882
-7.28193
-7.02157
-7.22491
-6.93212
-6.77849
-6.92785
-6.90780
-6.94997
-7.06914
-6.76399
-6.58676
-6.86100
-6.67713
-6.76742
-6.75124
-6.60359
-6.72184
-6.39871
-6.52069
-6.31793
-6.53706
-6.43085
-5.93277
-5.95829
-5.80700
-5.92128
-5.73603
-5.68742
-5.78473
-5.58886
-5.53766
-5.21377
-5.47808
-5.18881
-5.34609
-5.00482
-4.67739
-4.75244
-4.49345
-4.67108
-4.24470
-4.43365
-4.40661
-4.02308
-4.06338
-4.07381
-3.52345
-3.45869
-3.60199
-3.26410
-3.19179
-3.32941
-3.01436
-2.98805
-2.56998
-2.61483
-2.14686
-2.45927
-2.30746
-2.23638
-1.83232
-1.36688
-1.64180
-1.40026
-1.01308
-1.02584
-1.02939
-0.69546
-0.36586
-0.30680
-0.15833
-0.18678
-0.08763
0.06372
0.33676
0.38395
0.77663
0.89531
0.70564
0.99552
1.26059
1.32074
1.32054
1.39935
1.88916
2.12899
2.15406
2.28882
2.36473
2.57398
2.36736
2.43281
2.85789
2.79177
2.99721
3.18841
3.27175
3.60348
3.72240
3.78789
3.87017
3.70405
4.17271
4.22014
4.48269
4.84957
4.93296
4.59858
4.70770
5.00228
5.21719
5.04921
5.07683
5.36502
5.40742
5.62209
5.80502
5.76026
5.91216
5.98570
5.92981
5.85530
6.15185
6.09772
6.04582
6.25385
6.48641
6.13066
6.43783
6.18361
6.44106
6.69586
6.87448
6.74746
6.65584
7.07824
6.80405
6.74205
6.95507
7.11379
7.01692
6.57148
7.18773
6.95837
6.76588
6.96290
6.71858
6.92469
6.92611
7.08635
6.74356
6.90116
6.94338
6.80781
7.04033
6.69490
6.53421
6.71558
6.53363
6.47907
6.55974
6.58224
6.21157
6.55435
6.29436
6.32249
6.36250
6.10556
6.26494
5.97409
5.70117
5.93536
5.84802
5.93347
5.53029
5.68621
5.50556
5.55855
5.57595
5.07727
4.85101
4.70765
5.08069
5.07322
4.92274
4.65183
4.47015
4.31796
4.24667
4.31028
3.95848
3.90061
3.93164
3.65026
3.56176
3.30433
3.39789
2.95387
2.94757
2.76021
2.59709
2.33060
2.49812
2.28670
2.19417
1.89937
1.62535
1.86816
1.56558
1.21989
1.27175
1.26967
0.84939
0.64390
0.51300
0.49038
0.38156
0.00848
0.18983
-0.09353
-0.24785
-0.50316
-0.41432
-0.67547
-0.94926
-1.02130
-0.89425
-1.25053
-1.33972
-1.40422
-1.81760
-1.69006
-1.90972
-2.40392
-2.06752
-2.44909
-2.84548
-2.76489
-2.94039
-3.22506
-3.02038
-3.34635
-3.42592
-3.58376
-3.81420
-3.81139
-3.85807
-4.32176
-3.90467
-4.12749
-4.24842
-4.36060
-4.77716
-5.02439
-5.13679
-4.88758
-5.16648
-5.19762
-5.38109
-5.22176
-5.44111
-5.54153
-5.78591
-5.43584
-6.06741
-5.98079
-6.05802
-6.03517
-6.19982
-6.35972
-6.04455
-6.31953
-6.50126
-6.42392
-6.57571
-6.70641
-6.58660
-6.64994
-6.69663
-6.82398
-6.67413
-6.84906
-6.92302
-6.76212
-7.15115
-6.97499
-6.91959
-6.89400
-6.91901
-7.34306
-6.94624
-6.91431
-7.09933
-6.92888
-7.11467
-7.15772
-7.08532
-6.83425
-6.84725
-6.85606
-6.75110
-7.05137
-6.89601
-6.68467
-6.70300
-6.91307
-6.62629
-6.41641
-6.67646
-6.56353
-6.55790
-6.64963
-6.50915
-6.35842
-6.28941
-6.38680
-6.16906
-5.98224
-5.77960
-5.90936
-5.58070
-5.85175
-5.44689
-5.77226
-5.31593
-5.24288
-5.29179
-4.91914
-5.25117
-4.97505
-4.95820
-4.57707
-4.77391
-4.64451
-4.50935
-4.13096
-4.33682
-4.06499
-3.78906
-3.95273
-3.60169
-3.39759
-3.23516
-3.18191
-3.20937
-3.09498
-2.95001
-3.07681
-2.57332
-2.57165
-2.46407
-2.15120
-1.97804
-1.89802
-1.71275
-1.55053
-1.15373
-1.28982
-1.12762
-1.21701
-0.80903
-0.73923
-0.63258
-0.11220
-0.29024
-0.14514
0.10885
0.11141
0.26124
0.80252
0.71640
0.68138
0.84948
1.07079
1.43911
1.52770
1.52901
1.66811
2.08153
1.74450
1.90812
2.30477
2.53112
2.65909
2.62549
2.94605
2.69670
3.16240
3.25996
3.54769
3.40790
3.81261
3.76951
3.89665
4.01606
3.90922
4.24789
4.49334
4.46243
4.68724
4.45761
4.76108
4.88220
5.22258
5.08295
5.01590
5.41640
5.52932
5.53514
5.31667
5.56292
5.83075
5.92128
5.80364
5.89457
6.17238
6.17386
6.28575
6.51627
6.37714
6.27012
6.48294
6.31142
6.58963
6.54580
6.66284
6.41757
6.84413
6.73017
6.58005
6.67313
6.94601
6.90049
6.93216
6.99282
6.73977
6.67296
6.97311
6.68926
7.00314
6.99198
6.92295
7.23306
7.10878
6.79574
7.04059
6.96493
7.06516
6.84619
7.03945
6.88686
6.51893
6.62613
6.59778
6.44636
6.62394
6.69382
6.68081
6.40880
6.47486
6.12403
6.08230
6.02568
6.21996
6.04689
5.62749
5.86377
5.65398
5.71081
5.70567
5.44181
5.38738
5.16538
5.29819
5.03157
4.87334
4.60821
4.74514
4.49453
4.58967
4.58051
4.30460
3.97983
4.06564
3.93596
3.76952
3.75157
3.65473
3.49242
3.47689
3.40547
3.06755
3.16632
2.64332
2.44005
2.48216
2.30244
2.10236
1.90122
1.85821
1.88049
1.43381
1.43172
1.32519
1.38225
0.92605
0.86254
0.63150
0.78849
0.55216
0.39040
0.06023
0.06845
0.10125
-0.30246
-0.27794
-0.63289
-0.75208
-1.08984
-1.18165
-1.11170
-1.25042
-1.48478
-1.62576
-1.81772
-1.77799
-2.15297
-2.04507
-2.19939
-2.67907
-2.68041
-2.72601
-2.95085
-2.73525
-2.93047
-3.32184
-3.38801
-3.59983
-3.76784
-3.79110
-4.18002
-3.88099
-4.33433
-4.59093
-4.41305
-4.39532
-4.69484
-5.03131
-4.94646
-5.25997
-5.01921
-5.12116
-5.35793
-5.27764
-5.54687
-5.67284
-5.86226
-5.99124
-5.88151
-5.92648
-6.14068
-6.28125
-6.10856
-6.18526
-6.32846
-6.28614
-6.64938
-6.46842
-6.38812
-6.60903
-6.67550
-6.69621
-6.97795
-6.63818
-6.84417
-6.82406
-6.70988
-6.94088
-6.99069
-7.14031
-7.23357
-7.23425
-7.17320
-7.25333
-7.17237
-7.08843
-7.24958
-7.11121
-7.08854
-7.04726
-6.99097
-6.72627
-7.07555
-7.17232
-7.25216
-7.00094
-6.88286
-6.97877
-7.03218
-6.88378
-6.53913
-6.75797
-6.80420
-6.51082
-6.53652
-6.42574
-6.54456
-6.48326
-6.35395
-6.26341
-5.95665
-6.25916
-6.00382
-5.72284
-5.59027
-5.90279
-5.33022
-5.80443
-5.27218
-5.10135
-5.07146
-5.19685
-4.88136
-5.08626
-5.10815
-4.85181
-4.66405
-4.55904
-4.51304
-4.14564
-4.17779
-4.10045
-3.73071
-3.81680
-3.64075
-3.26492
-3.43662
-3.06442
-3.16659
-2.73318
-2.73225
-2.71761
-2.51954
-2.33838
-2.32311
-2.08064
-1.98110
-1.86236
-1.79829
-1.46145
-1.46435
-1.37093
-0.99891
-0.86405
-0.64269
-0.66961
-0.60398
-0.61065
-0.14288
-0.14528
-0.05832
0.45049
0.30780
0.47820
0.88851
1.03838
1.03844
1.20142
1.22321
1.42840
1.41232
1.69074
1.62021
2.12989
2.36516
2.28341
2.17944
2.70658
2.81400
2.96004
2.73450
2.88237
3.23001
3.41243
3.58380
3.84907
3.64087
3.82535
4.20502
4.30060
4.28518
4.65368
4.56765
4.63724
4.76151
4.76034
4.94110
4.82503
4.97957
5.27490
5.25717
5.21886
5.70326
5.53465
5.73709
5.72484
5.77032
5.95222
5.82881
5.92332
6.21687
6.25076
6.19040
6.30963
6.18759
6.44712
6.75543
6.59188
6.65714
6.56186
6.61622
6.52225
6.59338
6.90265
6.67703
6.89832
6.82869
7.15524
7.08706
6.73776
6.67672
6.99523
6.95925
6.98265
6.73149
6.96651
6.89711
6.78080
6.82482
6.82097
6.65116
6.97434
6.65044
6.72535
6.65474
6.59643
6.69326
6.51623
6.82775
6.55369
6.23176
6.14764
6.22776
6.27936
6.28577
6.09317
6.28513
6.14991
5.95020
5.65566
5.74800
5.50065
5.73048
5.35082
5.55443
5.29568
5.00095
5.14183
5.13421
5.13069
5.03427
4.85729
4.54019
4.56262
4.39747
4.21356
4.33104
4.05905
3.90272
3.46976
3.67474
3.43106
3.26951
2.95979
3.12826
3.22965
3.10326
2.56309
2.50962
2.41899
2.52630
2.21130
2.31507
1.79793
1.70035
1.41226
1.53190
1.30141
1.13238
0.98493
1.04306
0.52517
0.73458