
100.89044
103.20699
105.77049
107.83100
109.15668
111.73358
113.45823
115.18630
115.54594
116.42863
116.75566
118.88630
118.43913
120.15802
121.26773
122.58857
123.81375
125.59457
125.58150
125.89369
126.65662
126.01984
126.09152
126.80345
127.50659
127.19528
126.96142
126.83571
126.74495
126.40841
125.58299
126.08930
126.26913
126.10236
125.75287
125.79269
124.05666
123.86473
122.75535
121.65469
120.96834
120.16189
117.84162
116.60794
114.67944
112.74503
111.63472
110.15541
107.96210
107.49947
105.70953
103.28468
101.27632
100.40696
98.36528
95.88205
94.14848
91.80511
88.11715
85.48931
83.93285
81.66275
80.29681
77.69751
74.76737
71.31669
69.32313
65.53781
64.14478
61.58471
58.17828
54.66141
51.92416
48.94029
45.75043
43.76149
40.39861
37.25782
33.78680
31.50865
28.60984
24.77232
21.46935
16.96705
13.61498
9.76900
6.96588
3.77228
2.63672
-0.99377
-4.08642
-6.92567
-10.67989
-14.38765
-18.41313
-22.13093
-25.79808
-27.76025
-31.39424
-34.07847
-36.44601
-39.55597
-43.08454
-47.02243
-50.08645
-53.49817
-54.96178
-58.04511
-60.75391
-64.46114
-67.17259
-70.39346
-74.00633
-77.08690
-79.21963
-81.79906
-84.21610
-85.52136
-86.73755
-88.58720
-90.15753
-93.55377
-96.14459
-99.55723
-101.84169
-105.15809
-106.93897
-108.88866
-109.37860
-111.24240
-112.27070
-114.02648
-116.59667
-117.78091
-118.74848
-120.39861
-120.92888
-120.53339
-123.03061
-124.92629
-124.63001
-126.21628
-127.78519
-127.99708
-128.52300
-130.03720
-129.79575
-128.92681
-127.61735
-126.55501
-126.18199
-126.33735
-126.80765
-127.17169
-127.78893
-128.29109
-128.36522
-126.83264
-126.59243
-125.52993
-123.27852
-122.08990
-121.96589
-120.18678
-118.05050
-117.60097
-116.36865
-115.85018
-115.37206
-114.02061
-112.28789
-110.73500
-108.65044
-107.71060
-106.46128
-105.31684
-102.48253
-100.28761
-97.03906
-95.03264
-93.02362
-91.43135
-89.62142
-87.30214
-84.61464
-81.94229
-78.97387
-76.33626
-73.48064
-71.18357
-67.76773
-66.09901
-62.17218
-60.84977
-57.68483
-55.64770
-51.88245
-49.21446
-44.80515
-42.21032
-37.77388
-35.01461
-32.83867
-29.24919
-26.74016
-24.18407
-21.27684
-17.31083
-14.37124
-10.30742
-7.14459
-3.72375
-1.11516
2.71118
6.19784
9.72553
13.49804
17.11841
18.98116
21.86883
24.45659
27.83155
31.13246
34.73509
38.36524
42.32202
45.57670
48.86456
51.66046
54.47358
56.67113
57.86149
59.90141
62.47509
64.31292
67.47264
70.91021
74.54646
77.67803
81.02848
84.24360
87.48794
90.04288
92.96056
94.15700
95.95550
96.95866
98.16647
98.61966
102.40740
102.98485
105.90184
108.33409
110.01088
110.81175
113.38556
114.23376
115.13264
116.73178
117.70128
119.36234
120.75796
121.06298
123.08818
123.52808
123.71439
125.25591
126.13740
125.85668
128.09110
128.57092
128.56611
129.79885
129.60194
128.32170
127.89727
127.24230
126.24420
125.52462
125.95114
125.31180
124.29609
124.84531
125.65941
124.99814
124.34143
123.24922
121.47342
119.75593
117.22982
117.12622
117.31808
115.72661
114.89094
114.37051
110.94428
108.02738
106.33307
103.47938
100.20849
100.07046
97.37551
95.25753
92.92585
90.81531
88.00495
86.29450
84.72924
83.31917
81.34117
78.30367
76.75271
73.56868
71.24846
68.79487
66.30737
62.51794
59.91818
56.96335
54.39005
50.54293
47.82935
43.90967
40.91552
37.23202
35.09943
32.39306
29.93515
25.38541
23.47366
20.28558
15.97505
12.32406
9.05794
5.04202
0.51738
-1.96835
-5.71153
-8.41232
-11.50740
-14.22818
-18.21288
-20.50747
-23.69607
-27.83428
-31.23998
-33.39896
-37.44098
-40.73323
-42.42347
-44.80384
-48.40621
-50.96434
-53.54035
-57.82073
-60.05181
-63.00418
-66.18653
-68.27606
-70.64400
-73.07644
-75.07012
-77.04909
-80.17355
-82.34082
-85.69727
-88.52359
-91.22837
-94.29085
-97.24897
-98.69034
-100.46954
-102.10679
-103.04916
-104.58610
-107.84895
-109.70358
-111.19537
-113.10643
-113.54657
-113.93220
-116.00757
-118.03598
-118.72561
-120.87481
-122.38881
-123.04387
-124.38300
-126.11411
-126.52558
-126.68214
-127.27448
-127.39921
-127.56443
-128.43870
-129.15748
-128.56206
-127.12925
-128.19243
-128.43495
-128.31826
-128.23576
-128.34045
-126.77644
-124.61705
-123.84109
-122.28581
-121.88337
-121.09328
-121.04574
-120.43269
-119.75435
-118.97485
-118.18390
-116.16811
-115.20103
-114.04461
-112.41556
-110.13987
-109.43578
-106.63321
-105.23918
-103.43670
-101.41659
-99.45085
-98.05216
-96.24613
-93.20800
-91.97779
-89.18259
-87.72095
-85.86025
-84.62623
-81.91391
-78.97436
-76.01321
-72.85678
-70.19742
-66.97257
-65.38444
-60.80425
-56.84974
-53.71917
-50.03539
-46.06632
-44.83032
-42.93178
-39.76180
-37.61063
-35.00687
-31.14051
-27.55675
-23.46113
-20.54448
-17.73251
-14.62053
-11.95622
-9.03095
-5.32349
-2.05347
1.68634
5.04386
7.27704
9.91189
14.05079
17.47531
20.73244
23.88794
27.88995
30.46521
33.92878
36.33754
40.62742
43.69234
46.50678
47.97307
52.31267
54.91256
57.51025
60.63602
65.01028
67.39838
70.56213
72.98711
76.32048
78.31280
81.78560
83.79401
87.22654
89.18327
91.83883
93.49551
96.60069
98.20178
100.34845
101.83438
103.09941
104.31082
105.06588
106.63872
108.34464
110.93840
112.64711
115.45390
117.59378
119.90735
120.59214
121.13319
121.28731
121.80117
122.05030
123.15392
124.06086
125.53032
125.62603
126.55864
126.86440
127.55387
127.08853
127.45297
126.76149
126.27883
125.74546
127.39056
127.25409
127.02022
127.55166
127.78663
127.05801
126.22533
125.54897
124.00673
122.29945
119.84322
119.40110
118.93099
117.43966
116.73881
116.12864
114.26055
112.71718
111.95740
110.77277
108.91729
107.46135
104.33682
101.99580
99.10315
97.15790
94.28964
93.28036
92.10730
90.64780
88.21874
86.57757
84.68883
82.24230
80.12688
78.15973
74.67068
71.36648
67.66929
63.82614
59.93700
57.39687
54.60881
51.75636
49.00051
46.24728
42.86776
39.23940
36.86490
34.26066
32.35777
29.93985
27.12611
23.68708
20.28890
16.11201
13.54020
10.64319
8.33972
3.69763
0.18901
-3.20116
-6.73577
-11.51858
-14.31108
-17.73093
-20.43227
-22.71312
-24.46975
-26.84056
-29.33544
-33.60112
-38.56768
-41.41975
-44.85408
-48.91739
-52.21677
-54.53104
-59.34289
-62.03010
-64.01188
-67.03889
-69.16567
-71.96906
-75.36321
-78.40552
-79.39114
-82.30004
-85.02783
-86.42784
-88.65890
-92.67354
-94.32147
-95.87702
-97.53863
-99.45184
-100.09408
-101.59269
-103.59385
-106.29070
-107.71240
-109.29060
-112.30684
-114.56993
-115.96748
-118.57614
-120.38485
-121.45072
-121.89435
-123.12521
-122.56461
-122.77155
-123.82148
-124.44184
-125.60620
-127.11902
-129.46488
-130.40290
-130.73905
-130.73643
-129.78860
-128.64414
-126.78966
-125.75804
-125.89379
-126.40280
-126.11553
-127.32349
-127.01949
-125.18539
-124.97319
-124.12124
-123.74610
-122.52693
-122.07615
-120.67048
-118.95275
-116.67381
-116.61059
-115.41547
-114.54888
-113.57071
-111.45313
-110.34950
-109.63616
-108.05516
-107.53642
-106.81811
-103.50733
-100.48537
-97.71548
-93.48563
-89.68613
-87.79796
-85.59116
-83.89351
-82.37887
-80.41117
-77.71974
-74.42790
-71.81575
-69.33811
-66.83661
-64.22560
-62.75325
-59.14601
-56.54831
-52.88225
-50.32708
-47.07853
-44.23966
-40.89169
-38.59490
-34.22206
-30.34546
-26.25217
-23.11702
-19.67812
-17.84211
-13.63902
-10.81504
-7.20707
-4.12140
-1.11105
0.20504
3.19551
5.44913
8.62297
12.74428
17.43471
20.78519
23.53464
26.37545
29.33454
31.65231
34.81425
39.52842
43.31958
45.65564
49.79335
52.57638
55.25404
56.95034
60.00716
61.79452
64.48935
66.20222
69.83610
73.05651
75.73032
78.51042
81.66988
83.76367
85.36299
89.02811
90.91842
92.53494
94.42364
97.76909
97.96165
100.38861
102.99570
105.91911
107.87538
109.38653
112.05320
113.67800
115.43499
116.53477
118.21149
119.35267
121.01653
121.34558
122.90861
124.53665
124.65428
125.79286
126.88076
127.58203
127.62060
128.48016
127.58716
126.70704
126.83957
126.94461
127.05645
127.84499
128.27863
126.41698
126.05835
124.34289
123.57444
124.20160
123.90452
123.17062
122.79157
122.12085
119.93326
119.98309
119.07431
118.94099
117.67178
117.58084
116.85125
115.91735
113.77601
112.42813
109.52177
106.29704
103.90669
102.72110
101.25296
99.16918
97.52997
96.34540
93.63808
90.58400
88.66237
86.24001
83.62780
81.99984
80.73236
78.45564
76.26401
73.55060
70.42022
66.15543
63.51702
60.40099
57.05546
52.32876
49.13125
46.19542
43.58089
40.83503
38.15185
35.40413
31.87980
28.02780
25.63355
23.04481
19.48484
15.26235
12.48371
7.64499
4.17558
2.37270
-0.50645
-4.03246
-6.43703
-8.65801
-12.34183
-15.42417
-18.65227
-21.36330
-24.16183
-27.90742
-31.14589
-34.08456
-37.71892
-41.56285
-44.23251
-46.60740
-49.56823
-52.30178
-56.49647
-59.15780
-62.25037
-65.82654
-68.65250
-70.14529
-73.13548
-76.23663
-78.32118
-80.83738
-83.10118
-85.39351
-88.22867
-90.48004
-93.08849
-96.06128
-98.27959
-98.76270
-100.86529
-102.63341
-103.63814
-106.48006
-109.61357
-111.41375
-112.65987
-114.17237
-114.61634
-116.11652
-117.77307
-119.07873
-120.50191
-121.89353
-122.93610
-122.94682
-124.43805
-126.83003
-126.84638
-127.07332
-128.76183
-129.52241
-128.89879
-130.01699
-129.16570
-128.74086
-128.27238
-127.96295
-128.09334
-128.14377
-127.38148
-125.88459
-125.54750
-124.81633
-124.06077
-124.18312
-124.97550
-123.79197
-121.88203
-122.01911
-120.07058
-118.00605
-117.73810
-117.32201
-116.10030
-114.63221
-112.81381
-111.04955
-108.52116
-105.94380
-103.46258
-101.65380
-99.47601
-98.84543
-96.93040
-96.60113
-94.85234
-92.14559
-88.21029
-85.88951
-82.37273
-80.01004
-77.53784
-76.01261
-73.19139
-70.99183
-67.91857
-65.19615
-62.31331
-58.21001
-54.97007
-51.97462
-48.94507
-45.42015
-42.39767
-39.08745
-36.97539
-34.80751
-31.06628
-28.08991
-24.53525
-21.06356
-17.15897
-14.33493
-12.52593
-9.94916
-5.82596
-2.82718
-0.61108
2.93322
6.25971
9.42052
13.68606
18.29273
22.73705
26.20916
29.14773
32.64168
34.36943
36.68297
39.47539
42.17906
45.13967
48.46691
51.04527
54.19700
57.50428
60.08259
63.79073
67.45384
69.93041
72.37448
73.98779
75.51141
78.35920
81.19777
83.83203
87.36326
91.00097
92.00040
94.56309
96.67485
98.26683
100.12915
101.86062
103.80751
106.25405
107.29900
108.74752
111.48768
113.10993
113.32222
116.31519
117.36810
118.94985
119.89463
122.36338
123.47778
124.70118
125.51874
126.01167
125.31523
125.59502
126.31344
127.20833
128.28079
129.29811
129.15960
129.40620
128.77900
129.24669
128.86168
103.30283
77.32781