
-115.35458
-111.60379
-109.70846
-109.44384
-106.72147
-109.34328
-109.80602
-108.49485
-101.46962
-99.44749
-102.36205
-99.18708
-100.14139
-95.83736
-92.89465
-92.06122
-86.60743
-88.34667
-88.69830
-85.59200
-79.70230
-81.08844
-80.17181
-79.04711
-81.22388
-79.80421
-77.46800
-75.11759
-71.56449
-71.95887
-62.53583
-63.48623
-64.89353
-61.98278
-60.30162
-55.72978
-51.04337
-52.79876
-48.36735
-48.84589
-44.73204
-42.53406
-45.66607
-43.09199
-34.84184
-33.48335
-32.53755
-25.56355
-31.08097
-28.40383
-21.19541
-26.96865
-21.07301
-15.44095
-14.02970
-16.52260
-10.63580
-9.63376
-5.42767
1.91234
-4.31304
-0.02644
4.63527
1.83378
9.63582
9.24321
10.62519
11.21798
13.45579
19.86501
24.23524
23.61329
30.49743
26.11823
25.81433
37.02592
34.93550
33.23108
33.49119
41.48002
40.56641
45.57466
48.33786
50.08516
50.60553
49.05401
53.00243
53.19840
62.20908
61.27374
58.49866
65.83244
68.99800
69.01748
72.42135
70.30795
75.23780
82.11151
74.52512
81.85808
82.73921
84.68165
84.72096
86.43913
93.94319
96.41038
89.32787
92.97967
94.70673
97.79312
94.58046
103.46300
101.58269
104.03991
101.48759
110.29733
108.22299
111.49858
106.31483
115.72537
110.35455
109.17655
115.82628
116.55462
120.53090
119.81694
122.59412
125.82740
120.34353
122.72532
122.80691
128.98344
127.47985
124.13690
121.99510
123.30540
129.03018
128.35233
131.36782
130.50203
128.50496
130.08987
126.36487
133.39123
134.43077
136.49937
130.54689
132.97264
133.88348
131.35884
133.04996
134.85727
130.83155
136.33879
134.54472
131.00911
131.89562
128.85294
135.19302
134.78237
131.24765
133.02509
131.69731
135.94508
129.05982
127.87793
130.42291
130.88400
126.77704
128.63790
131.09069
127.37210
124.39546
126.47492
122.12845
119.48317
118.71633
117.50021
121.49637
124.62428
119.94838
114.85302
112.63576
117.24145
117.99378
112.74744
117.97902
112.31151
107.99508
108.22111
106.33004
104.17394
102.67038
99.71490
104.18964
101.41840
100.59796
101.72476
98.71644
92.85534
89.00632
92.92333
88.93624
87.52645
89.24490
82.82026
81.80676
77.39868
74.87908
78.37139
73.34448
73.26110
67.72972
71.61524
67.29237
65.56524
61.10714
61.57126
53.26817
55.49566
50.89569
50.81882
48.87159
54.03986
44.19541
46.22519
39.89477
41.83999
36.55250
40.61405
27.68469
27.55652
30.25828
25.83877
27.61919
27.45931
24.22883
17.09341
14.72101
16.90387
13.69212
15.11443
8.67853
7.86465
2.37289
1.20654
-5.41725
-8.83587
-11.17424
-11.86924
-12.50470
-13.84749
-18.82147
-16.42067
-17.11601
-20.76255
-22.79518
-27.58264
-31.82771
-34.24785
-35.42357
-35.98350
-38.55823
-40.59872
-44.19585
-45.13256
-49.36079
-45.31616
-52.60319
-55.33221
-54.36301
-63.66219
-58.97274
-66.11627
-60.67277
-65.43117
-69.15978
-69.82599
-74.42987
-74.65224
-74.54866
-79.33899
-83.70941
-78.69350
-81.49773
-86.27191
-84.35022
-87.16699
-88.21404
-92.52762
-92.56283
-95.61042
-94.15559
-98.91927
-99.83826
-97.93015
-102.90787
-99.91268
-107.86794
-102.08594
-104.45264
-111.62163
-114.57921
-110.27089
-112.57803
-116.50296
-116.79350
-114.14071
-121.55490
-119.08725
-118.57041
-121.03281
-118.67992
-122.64704
-126.34207
-126.17826
-128.50871
-124.08807
-126.54864
-127.40796
-125.19688
-127.29528
-130.09643
-133.02903
-133.57322
-131.76693
-133.64739
-129.35547
-133.24771
-131.46433
-134.79745
-129.79947
-131.12157
-129.03293
-134.87347
-130.17027
-134.55851
-135.07227
-135.62404
-134.33072
-130.36937
-139.28836
-133.06983
-132.93618
-129.92091
-133.09085
-132.38468
-127.23402
-135.17465
-130.18809
-130.23698
-131.84719
-134.47179
-134.60528
-124.83837
-124.07964
-131.97126
-126.33649
-119.87356
-124.58666
-117.84485
-127.41113
-124.05542
-120.68173
-122.59359
-123.31104
-118.37346
-113.30552
-116.73944
-110.84930
-113.20050
-108.86559
-114.46743
-109.40261
-102.48577
-112.16810
-101.17362
-103.76510
-104.93567
-103.34241
-103.70049
-93.61026
-97.44416
-94.17867
-91.17227
-91.63385
-88.12837
-88.82596
-87.15399
-82.47436
-78.03406
-84.42675
-77.16740
-81.69534
-80.72124
-71.47346
-73.38065
-72.81750
-72.76320
-66.41473
-65.47668
-63.73257
-57.94518
-57.85721
-55.34304
-57.85748
-50.02644
-48.70818
-45.04096
-42.60855
-42.28865
-36.61900
-37.68300
-31.47065
-38.18959
-31.25473
-28.07278
-32.43729
-19.06511
-20.96009
-25.78091
-18.44614
-20.40589
-14.18261
-11.66602
-11.94161
-4.90922
-3.15730
-0.30911
-0.44079
2.55720
5.04427
7.56952
7.89048
8.50481
13.32298
14.27558
15.94775
16.88863
20.26319
21.84837
22.19194
30.87571
27.04607
27.90005
37.56724
38.64761
37.65152
40.93636
47.28240
43.01973
46.15568
49.77715
53.01648
54.22442
58.40103
59.32661
59.57171
61.67347
64.49771
67.81271
67.33468
74.64151
69.32990
76.13267
74.85695
77.68118
76.26418
83.70354
83.24666
86.09670
93.49897
91.12771
90.21417
88.83670
89.92733
96.03870
93.62996
96.86828
102.09524
98.33984
104.60090
100.86671
107.64046
108.68667
109.81319
110.03903
108.51743
115.49382
117.58647
116.79701
117.99215
116.44880
118.79053
121.50200
118.07861
118.90947
120.25482
124.57531
124.43249
122.39459
124.58958
130.48819
124.87582
130.91451
128.76311
127.64318
132.06554
133.18439
126.53064
132.74467
131.26467
129.45986
135.58129
133.27956
134.14236
129.93386
132.44486
135.17566
130.24182
133.67931
133.80078
133.12926
137.08358
138.56290
133.23326
136.37587
131.59472
129.84239
130.64735
133.05443
130.62889
129.03346
128.31034
131.60527
129.07474
125.36417
127.28799
126.98199
128.06693
128.34260
125.74975
125.28792
126.54250
125.21448
123.09767
123.05538
118.60896
119.03718
117.26221
117.38320
112.95558
116.55812
116.94001
115.63464
115.01377
115.11049
109.18436
112.17892
106.28634
107.13555
104.74902
102.91540
103.69054
97.19648
96.31604
95.41643
93.25627
94.98899
87.90902
90.05552
88.33216
90.01194
82.11012
79.76743
85.18009
80.95657
83.05593
73.81945
71.85815
69.70034
68.85690
63.46204
62.83224
62.84785
64.37451
59.77354
62.95198
55.34601
52.69632
49.34756
46.78062
51.64138
45.03608
45.08082
40.95130
37.49046
41.54060
34.76776
30.02222
31.53706
26.57952
24.18762
24.34129
19.18750
18.23523
16.83785
16.77155
15.81591
6.45857
7.99338
3.38431
2.78965
-2.57481
3.08510
-5.96398
-10.45894
-4.64429
-9.40641
-16.67587
-13.60835
-17.24858
-18.82503
-24.76123
-23.91427
-29.84924
-32.38385
-33.95831
-32.21126
-38.54817
-31.20762
-39.30310
-39.06920
-43.80716
-47.17906
-50.52160
-54.65914
-50.58910
-60.70624
-53.70546
-61.42705
-62.38286
-57.83415
-66.25387
-63.28281
-64.28307
-71.68693
-67.00626
-75.41073
-76.00543
-74.42772
-80.16133
-77.67605
-80.81100
-84.36927
-89.37172
-88.70766
-87.76000
-93.60103
-87.96114
-98.13298
-94.04542
-99.35320
-102.88224
-98.72897
-97.19887
-108.08238
-100.12404
-108.06611
-106.33249
-106.71832
-107.43364
-113.51816
-111.70568
-120.19152
-116.02751
-122.05559
-118.26550
-117.72900
-119.03966
-127.15174
-119.21667
-124.94750
-126.79158
-121.46879
-124.42839
-123.47648
-131.04229
-132.83712
-132.15198
-127.38683
-126.94226
-128.50883
-130.30081
-125.15308
-130.30460
-126.88022
-132.39412
-130.08075
-131.32539
-135.15203
-134.64211
-136.76350
-134.46138
-133.70966
-129.29323
-135.54536
-133.32451
-130.02411
-133.34087
-133.09184
-132.36724
-136.65874
-137.63644
-135.71994
-133.28607
-132.77712
-131.90332
-135.13905
-128.85857
-128.99449
-125.48156
-127.32524
-126.44024
-126.31438
-122.59049
-127.25069
-131.12624
-127.12587
-122.32597
-125.78752
-121.65582
-117.88501
-119.50875
-120.36437
-116.71404
-118.03165
-115.05638
-114.21538
-111.17501
-107.68913
-111.28779
-111.36686
-106.73233
-109.97841
-107.08351
-102.94847
-99.74070
-104.64297
-96.88893
-99.99261
-95.91915
-93.30622
-91.46426
-93.02500
-92.94083
-86.15349
-82.05556
-87.12913
-82.91054
-76.65813
-77.06309
-74.47872
-72.47399
-70.60591
-66.93449
-71.67334
-64.83379
-65.23598
-61.24925
-61.43196
-64.65174
-58.22588
-48.78154
-52.95050
-47.12026
-48.00276
-48.65744
-41.78502
-37.77484
-37.90143
-38.15405
-35.68166
-31.11548
-31.64250
-32.42237
-28.23263
-30.33107
-21.14660
-20.10197
-16.47576
-16.79700
-7.30421
-9.23042
-6.52024
-9.42681
-6.27747
-7.04279
3.38806
-1.89796
2.79244
10.15402
9.84213
15.09321
18.04289
11.14213
19.66271
24.63076
26.80582
21.08972
25.06091
31.71275
35.56566
34.27966
36.80263
43.82533
40.36587
46.38347
50.83947
51.85883
43.40622
48.77619
54.04100
58.87538
57.98150
55.27056
58.33980
64.84195
69.37565
67.85615
70.07979
70.82557
72.06354
73.01891
74.84011
80.77909
80.05045
83.52468
82.11047
90.95552
85.34466
93.94262
91.92200
89.11729
95.73572
95.70941
98.31374
95.42940
98.51147
104.99705
103.85371
108.64676
111.17877
106.14942
107.18084
116.28534
111.06983
115.21522
115.97706
120.85729
118.74274
120.40258
123.41298
117.05357
120.49097
126.28472
121.12063
122.81466
126.87158
130.63985
127.95026
124.96021
130.88587
127.86071
126.89251
124.75132
128.27327
130.28922
131.65005
129.86466
129.84406
127.84531
131.37598
133.57359
138.00319
137.21383
133.50537
132.30527
133.49190
138.45802
131.09747
135.24181
135.76620
131.59383
134.57438
138.10138
134.03797
130.76160
131.25163
132.01850
129.16320
133.25093
131.15026
126.65489
129.21115
124.33696
126.94824
126.39391
129.38890
124.32622
125.29355
124.58170
125.08736
124.32579
118.98665
116.40416
120.66676
122.90835
118.71107
116.86745
117.33771
115.32192
114.41893
115.10336
115.26535
108.26533
104.08025
105.29165
106.99744
103.14062
102.96202
99.95441
98.47557
98.59206
96.33038
101.17393
88.38644
90.10385
92.09222
93.84904
88.45898
81.78691
86.14256
83.29473
77.52715
74.87973
81.60347
74.42113
76.39593
69.45769
69.38448
68.53758
66.66108
59.31199
64.89030
60.31051
52.21112
56.26735
56.61747
49.76912
50.39685
42.71511
46.97761
44.51236
40.38944
39.40639
34.29266
34.20783
29.25746
31.26779
29.46129
22.07307
21.50656
18.43510
18.33429
17.27158
12.80277
14.11685
6.95066
8.42305
8.83731
-2.72236
-2.01623
-1.65616
-8.38028
-1.94484
-4.09860
-12.78145
-11.20590
-14.08733
-22.13448
-16.81640
-25.01674
-25.32079
-25.77996
-29.70220
-31.03747
-33.59539
-34.09209
-39.66921
-36.43436
-44.93059
-40.58156
-44.09530
-51.75177
-52.38272
-52.39968
-58.96901
-58.53838
-57.50464
-56.90525
-61.09700
-63.66248
-63.50961
-73.07130
-75.87275
-73.92076
-76.27083
-75.82892
-79.41144
-82.11872
-84.84135
-82.30495
-81.48559