
-4.725000
-4.718750
-4.712500
-4.706250
-4.696875
-4.690625
-4.684375
-4.675000
-4.665625
-4.656250
-4.646875
-4.637500
-4.631250
-4.621875
-4.612500
-4.603125
-4.593750
-4.584375
-4.571875
-4.562500
-4.553125
-4.540625
-4.528125
-4.515625
-4.506250
-4.496875
-4.487500
-4.475000
-4.462500
-4.450000
-4.437500
-4.421875
-4.406250
-4.393750
-4.381250
-4.368750
-4.356250
-4.340625
-4.328125
-4.312500
-4.300000
-4.284375
-4.268750
-4.256250
-4.237500
-4.218750
-4.203125
-4.187500
-4.171875
-4.156250
-4.137500
-4.118750
-4.100000
-4.084375
-4.065625
-4.046875
-4.031250
-4.015625
-4.000000
-3.984375
-3.965625
-3.946875
-3.931250
-3.912500
-3.893750
-3.875000
-3.859375
-3.843750
-3.825000
-3.809375
-3.790625
-3.771875
-3.753125
-3.731250
-3.709375
-3.690625
-3.671875
-3.656250
-3.637500
-3.618750
-3.600000
-3.578125
-3.556250
-3.534375
-3.509375
-3.487500
-3.465625
-3.440625
-3.418750
-3.396875
-3.375000
-3.350000
-3.325000
-3.303125
-3.278125
-3.256250
-3.231250
-3.206250
-3.184375
-3.159375
-3.134375
-3.109375
-3.084375
-3.056250
-3.031250
-3.003125
-2.978125
-2.953125
-2.928125
-2.903125
-2.878125
-2.850000
-2.825000
-2.800000
-2.775000
-2.750000
-2.725000
-2.700000
-2.671875
-2.646875
-2.621875
-2.596875
-2.571875
-2.546875
-2.521875
-2.496875
-2.468750
-2.440625
-2.415625
-2.387500
-2.362500
-2.337500
-2.309375
-2.281250
-2.256250
-2.228125
-2.203125
-2.178125
-2.150000
-2.121875
-2.090625
-2.062500
-2.034375
-2.006250
-1.978125
-1.950000
-1.921875
-1.893750
-1.865625
-1.837500
-1.809375
-1.781250
-1.753125
-1.725000
-1.696875
-1.668750
-1.637500
-1.609375
-1.581250
-1.550000
-1.521875
-1.490625
-1.459375
-1.431250
-1.403125
-1.375000
-1.346875
-1.315625
-1.287500
-1.256250
-1.225000
-1.193750
-1.162500
-1.131250
-1.100000
-1.068750
-1.037500
-1.006250
-0.975000
-0.946875
-0.915625
-0.887500
-0.859375
-0.828125
-0.796875
-0.765625
-0.737500
-0.706250
-0.675000
-0.640625
-0.609375
-0.575000
-0.543750
-0.512500
-0.481250
-0.450000
-0.421875
-0.390625
-0.359375
-0.328125
-0.293750
-0.262500
-0.231250
-0.200000
-0.165625
-0.134375
-0.100000
-0.065625
-0.034375
-0.006250
0.025000
0.056250
0.087500
0.118750
0.146875
0.178125
0.206250
0.237500
0.268750
0.300000
0.331250
0.362500
0.393750
0.425000
0.456250
0.484375
0.512500
0.543750
0.571875
0.603125
0.634375
0.662500
0.693750
0.725000
0.756250
0.787500
0.818750
0.850000
0.881250
0.912500
0.940625
0.971875
1.000000
1.031250
1.059375
1.090625
1.121875
1.150000
1.181250
1.209375
1.240625
1.271875
1.300000
1.331250
1.359375
1.387500
1.418750
1.446875
1.475000
1.506250
1.537500
1.568750
1.596875
1.625000
1.656250
1.687500
1.718750
1.750000
1.778125
1.809375
1.837500
1.865625
1.896875
1.925000
1.953125
1.978125
2.006250
2.034375
2.065625
2.093750
2.121875
2.150000
2.178125
2.209375
2.237500
2.262500
2.290625
2.318750
2.346875
2.371875
2.400000
2.425000
2.453125
2.481250
2.506250
2.534375
2.562500
2.587500
2.615625
2.643750
2.671875
2.696875
2.725000
2.750000
2.778125
2.806250
2.831250
2.856250
2.881250
2.906250
2.931250
2.953125
2.978125
3.003125
3.028125
3.053125
3.078125
3.103125
3.128125
3.153125
3.175000
3.200000
3.225000
3.250000
3.271875
3.296875
3.321875
3.343750
3.365625
3.384375
3.406250
3.428125
3.450000
3.468750
3.490625
3.512500
3.537500
3.559375
3.581250
3.603125
3.625000
3.646875
3.665625
3.684375
3.703125
3.725000
3.743750
3.765625
3.784375
3.806250
3.825000
3.843750
3.862500
3.884375
3.909375
3.928125
3.946875
3.968750
3.990625
4.009375
4.028125
4.046875
4.065625
4.084375
4.103125
4.118750
4.137500
4.156250
4.175000
4.193750
4.209375
4.225000
4.240625
4.256250
4.271875
4.287500
4.303125
4.321875
4.337500
4.350000
4.365625
4.381250
4.396875
4.409375
4.421875
4.437500
4.450000
4.462500
4.478125
4.490625
4.503125
4.512500
4.525000
4.537500
4.553125
4.568750
4.584375
4.596875
4.609375
4.621875
4.634375
4.646875
4.656250
4.665625
4.678125
4.687500
4.700000
4.709375
4.721875
4.734375
4.743750
4.753125
4.762500
4.768750
4.778125
4.790625
4.803125
4.809375
4.818750
4.825000
4.831250
4.837500
4.843750
4.850000
4.856250
4.865625
4.871875
4.881250
4.890625
4.893750
4.900000
4.903125
4.909375
4.915625
4.921875
4.928125
4.934375
4.940625
4.946875
4.950000
4.953125
4.956250
4.962500
4.965625
4.968750
4.971875
4.975000
4.978125
4.981250
4.984375
4.984375
4.987500
4.987500
4.987500
4.990625
4.993750
4.996875
4.996875
4.996875
4.996875
4.996875
4.993750
4.993750
4.993750
4.996875
4.996875
4.996875
4.996875
4.996875
4.993750
4.990625
4.987500
4.984375
4.981250
4.978125
4.975000
4.975000
4.971875
4.968750
4.965625
4.962500
4.959375
4.956250
4.953125
4.950000
4.943750
4.943750
4.937500
4.931250
4.925000
4.918750
4.912500
4.906250
4.900000
4.896875
4.893750
4.890625
4.884375
4.878125
4.871875
4.868750
4.862500
4.853125
4.846875
4.837500
4.831250
4.821875
4.812500
4.803125
4.793750
4.787500
4.775000
4.768750
4.759375
4.750000
4.740625
4.731250
4.721875
4.709375
4.696875
4.684375
4.671875
4.662500
4.653125
4.640625
4.625000
4.609375
4.600000
4.584375
4.571875
4.556250
4.543750
4.528125
4.515625
4.500000
4.484375
4.471875
4.456250
4.440625
4.425000
4.409375
4.393750
4.378125
4.365625
4.353125
4.337500
4.325000
4.309375
4.293750
4.278125
4.262500
4.246875
4.231250
4.218750
4.203125
4.187500
4.171875
4.159375
4.140625
4.125000
4.109375
4.093750
4.075000
4.059375
4.043750
4.025000
4.006250
3.987500
3.965625
3.943750
3.925000
3.903125
3.881250
3.859375
3.840625
3.821875
3.803125
3.781250
3.759375
3.740625
3.721875
3.700000
3.678125
3.659375
3.637500
3.615625
3.593750
3.571875
3.550000
3.528125
3.506250
3.484375
3.462500
3.443750
3.421875
3.400000
3.378125
3.356250
3.331250
3.306250
3.281250
3.256250
3.234375
3.212500
3.187500
3.162500
3.137500
3.115625
3.090625
3.065625
3.040625
3.015625
2.993750
2.965625
2.937500
2.915625
2.890625
2.862500
2.837500
2.812500
2.787500
2.762500
2.737500
2.712500
2.687500
2.662500
2.634375
2.606250
2.575000
2.546875
2.518750
2.490625
2.462500
2.434375
2.406250
2.378125
2.350000
2.318750
2.293750
2.265625
2.234375
2.206250
2.178125
2.146875
2.118750
2.087500
2.056250
2.025000
1.996875
1.968750
1.940625
1.912500
1.884375
1.856250
1.828125
1.800000
1.771875
1.740625
1.712500
1.687500
1.659375
1.631250
1.603125
1.571875
1.543750
1.515625
1.484375
1.456250
1.428125
1.396875
1.368750
1.337500
1.309375
1.281250
1.250000
1.218750
1.190625
1.162500
1.134375
1.103125
1.071875
1.043750
1.012500
0.981250
0.950000
0.918750
0.884375
0.853125
0.825000
0.793750
0.762500
0.734375
0.703125
0.671875
0.640625
0.609375
0.581250
0.550000
0.518750
0.490625
0.459375
0.428125
0.393750
0.362500
0.331250
0.300000
0.265625
0.237500
0.206250
0.175000
0.143750
0.115625
0.087500
0.056250
0.025000
-0.006250
-0.037500
-0.068750
-0.100000
-0.131250
-0.162500
-0.196875
-0.228125
-0.259375
-0.293750
-0.325000
-0.359375
-0.390625
-0.421875
-0.453125
-0.484375
-0.512500
-0.546875
-0.578125
-0.609375
-0.643750
-0.675000
-0.706250
-0.737500
-0.768750
-0.800000
-0.831250
-0.859375
-0.890625
-0.921875
-0.953125
-0.981250
-1.012500
-1.043750
-1.075000
-1.106250
-1.134375
-1.165625
-1.196875
-1.225000
-1.256250
-1.287500
-1.318750
-1.350000
-1.381250
-1.406250
-1.434375
-1.465625
-1.493750
-1.521875
-1.550000
-1.578125
-1.609375
-1.637500
-1.662500
-1.690625
-1.718750
-1.746875
-1.775000
-1.800000
-1.828125
-1.856250
-1.884375
-1.912500
-1.943750
-1.971875
-2.000000
-2.025000
-2.053125
-2.081250
-2.112500
-2.143750
-2.171875
-2.200000
-2.225000
-2.250000
-2.278125
-2.306250
-2.334375
-2.362500
-2.387500
-2.415625
-2.440625
-2.468750
-2.496875
-2.521875
-2.550000
-2.575000
-2.600000
-2.625000
-2.650000
-2.675000
-2.700000
-2.725000
-2.750000
-2.771875
-2.796875
-2.821875
-2.846875
-2.871875
-2.900000
-2.928125
-2.953125
-2.978125
-3.003125
-3.031250
-3.056250
-3.084375
-3.106250
-3.131250
-3.156250
-3.178125
-3.200000
-3.225000
-3.246875
-3.268750
-3.293750
-3.318750
-3.340625
-3.365625
-3.390625
-3.412500
-3.434375
-3.456250
-3.484375
-3.509375
-3.528125
-3.550000
-3.571875
-3.593750
-3.612500
-3.634375
-3.650000
-3.671875
-3.690625
-3.709375
-3.728125
-3.750000
-3.768750
-3.787500
-3.806250
-3.821875
-3.840625
-3.862500
-3.878125
-3.896875
-3.915625
-3.934375
-3.953125
-3.965625
-3.981250
-4.000000
-4.015625
-4.034375
-4.050000
-4.068750
-4.084375
-4.103125
-4.118750
-4.134375
-4.153125
-4.171875
-4.187500
-4.203125
-4.218750
-4.234375
-4.250000
-4.265625
-4.278125
-4.293750
-4.306250
-4.318750
-4.331250
-4.346875
-4.362500
-4.375000
-4.387500
-4.403125
-4.415625
-4.431250
-4.443750
-4.453125
-4.465625
-4.478125
-4.490625
-4.500000
-4.509375
-4.518750
-4.528125
-4.540625
-4.553125
-4.565625
-4.575000
-4.584375
-4.593750
-4.606250
-4.618750
-4.628125
-4.637500
-4.646875
-4.656250
-4.665625
-4.671875
-4.678125
-4.684375
-4.690625
-4.700000
-4.706250
-4.712500
-4.718750
-4.728125
-4.737500
-4.743750
-4.750000
-4.756250
-4.762500
-4.768750
-4.775000
-4.781250
-4.787500
-4.790625
-4.793750
-4.800000
-4.806250
-4.809375
-4.812500
-4.815625
-4.821875
-4.825000
-4.828125
-4.831250
-4.834375
-4.837500
-4.840625
-4.846875
-4.850000
-4.850000
-4.853125
-4.856250
-4.856250
-4.859375
-4.862500
-4.862500
-4.865625
-4.865625
-4.865625
-4.865625
-4.865625
-4.862500
-4.862500
-4.862500
-4.862500
-4.859375
-4.859375
-4.859375
-4.859375
-4.859375
-4.859375
-4.859375
-4.853125
-4.850000
-4.846875
-4.843750
-4.843750
-4.840625
-4.834375
-4.828125
-4.825000
-4.818750
-4.815625
-4.812500
-4.809375
-4.803125
-4.796875
-4.790625
-4.787500
-4.781250
-4.775000
-4.768750
-4.762500
-4.756250
-4.750000
-4.740625
-4.731250
-4.725000
-4.718750
-4.712500
-4.706250
-4.696875
-4.690625
-4.684375
-4.678125
-4.668750
-4.662500
-4.653125
-4.643750
-4.634375
-4.628125
-4.618750
-4.612500
-4.603125
-4.593750
-4.584375
-4.575000
-4.565625
-4.556250
-4.543750
-4.534375
-4.525000
-4.515625
-4.503125
-4.490625
-4.478125
-4.465625
-4.453125
-4.440625
-4.428125
-4.415625
-4.400000
-4.387500
-4.371875
-4.359375
-4.343750
-4.331250
-4.315625
-4.300000
-4.284375
-4.268750
-4.250000
-4.234375
-4.215625
-4.200000
-4.184375
-4.168750
-4.153125
-4.137500
-4.121875
-4.106250
-4.090625
-4.071875
-4.053125
-4.034375
-4.018750
-4.003125
-3.987500
-3.975000
-3.956250
-3.940625
-3.921875
-3.903125
-3.884375
-3.868750
-3.850000
-3.834375
-3.815625
-3.800000
-3.781250
-3.762500
-3.740625
-3.721875
-3.700000
-3.681250
-3.662500
-3.643750
-3.625000
-3.603125
-3.581250
-3.559375
-3.537500
-3.515625
-3.490625
-3.468750
-3.443750
-3.421875
-3.400000
-3.378125
-3.353125
-3.331250
-3.306250
-3.281250
-3.256250
-3.234375
-3.209375
-3.187500
-3.159375
-3.134375
-3.109375
-3.084375
-3.056250
-3.031250
-3.009375
-2.984375
-2.959375
-2.934375
-2.906250
-2.881250
-2.853125
-2.828125
-2.803125
-2.778125
-2.753125
-2.728125
-2.703125
-2.681250
-2.656250
-2.631250
-2.603125
-2.578125
-2.553125
-2.528125
-2.503125
-2.475000
-2.446875
-2.418750
-2.390625
-2.362500
-2.337500
-2.309375
-2.281250
-2.253125
-2.228125
-2.203125
-2.175000
-2.146875
-2.115625
-2.084375
-2.056250
-2.028125
-2.000000
-1.971875
-1.940625
-1.912500
-1.884375
-1.856250
-1.828125
-1.800000
-1.775000
-1.746875
-1.721875
-1.693750
-1.665625
-1.637500
-1.609375
-1.578125
-1.550000
-1.518750
-1.487500
-1.459375
-1.428125
-1.403125
-1.375000
-1.346875
-1.315625
-1.284375
-1.253125
-1.225000
-1.196875
-1.165625
-1.131250
-1.100000
-1.068750
-1.034375
-1.003125
-0.971875
-0.943750
-0.912500
-0.881250
-0.850000
-0.821875
-0.790625
-0.759375
-0.731250
-0.700000
-0.668750
-0.634375
-0.603125
-0.571875
-0.540625
-0.506250
-0.475000
-0.443750
-0.409375
-0.378125
-0.350000
-0.321875
-0.290625
-0.262500
-0.231250
-0.200000
-0.165625
-0.134375
-0.100000
-0.068750
-0.037500
-0.009375
0.021875
0.053125
0.084375
0.112500
0.140625
0.171875
0.203125
0.234375
0.265625
0.296875
0.328125
0.359375
0.390625
0.421875
0.456250
0.487500
0.518750
0.550000
0.581250
0.612500
0.643750
0.671875
0.703125
0.734375
0.765625
0.793750
0.825000
0.856250
0.887500
0.918750
0.950000
0.981250
1.009375
1.037500
1.065625
1.096875
1.125000
1.156250
1.187500
1.215625
1.243750
1.275000
1.303125
1.331250
1.359375
1.387500
1.418750
1.446875
1.475000
1.506250
1.540625
1.568750
1.596875
1.625000
1.656250
1.684375
1.712500
1.743750
1.771875
1.803125
1.831250
1.859375
1.884375
1.912500
1.940625
1.971875
2.000000
2.028125
2.059375
2.087500
2.115625
2.140625
2.168750
2.200000
2.228125
2.253125
2.284375
2.312500
2.340625
2.368750
2.396875
2.425000
2.453125
2.481250
2.506250
2.534375
2.562500
2.593750
2.621875
2.650000
2.675000
2.703125
2.731250
2.759375
2.787500
2.815625
2.843750
2.868750
2.893750
2.918750
2.943750
2.968750
2.993750
3.018750
3.043750
3.068750
3.093750
3.118750
3.143750
3.168750
3.193750
3.218750
3.240625
3.262500
3.284375
3.309375
3.328125
3.350000
3.371875
3.393750
3.415625
3.437500
3.459375
3.478125
3.500000
3.521875
3.543750
3.565625
3.590625
3.612500
3.634375
3.656250
3.675000
3.693750
3.715625
3.734375
3.753125
3.771875
3.793750
3.815625
3.834375
3.856250
3.878125
3.896875
3.915625
3.934375
3.956250
3.975000
3.996875
4.015625
4.034375
4.050000
4.065625
4.081250
4.096875
4.115625
4.131250
4.150000
4.168750
4.184375
4.200000
4.218750
4.234375
4.246875
4.262500
4.278125
4.293750
4.306250
4.321875
4.337500
4.353125
4.365625
4.384375
4.400000
4.412500
4.428125
4.443750
4.459375
4.471875
4.484375
4.493750
4.506250
4.518750
4.531250
4.543750
4.556250
4.565625
4.578125
4.593750
4.606250
4.618750
4.631250
4.643750
4.656250
4.665625
4.675000
4.687500
4.696875
4.706250
4.718750
4.728125
4.737500
4.746875
4.756250
4.765625
4.775000
4.784375
4.793750
4.803125
4.812500
4.821875
4.831250
4.840625
4.846875
4.853125
4.862500
4.868750
4.875000
4.881250
4.887500
4.893750
4.896875
4.903125
4.909375
4.915625
4.918750
4.921875
4.928125
4.934375
4.940625
4.946875
4.953125
4.956250
4.959375
4.962500
4.965625
4.968750
4.971875
4.975000
4.978125
4.978125
4.981250
4.984375
4.984375
4.987500
4.990625
4.993750
4.993750
4.993750
4.993750
4.996875
5.000000
5.000000
5.000000
5.000000
5.000000
5.000000
5.000000
4.996875
4.996875
4.996875
4.996875
4.993750
4.990625
4.987500
4.984375
4.984375
4.981250
4.978125
4.975000
4.971875
4.968750
4.962500
4.959375
4.956250
4.953125
4.946875
4.940625
4.934375
4.928125
4.921875
4.915625
4.909375
4.906250
4.900000
4.893750
4.887500
4.881250
4.871875
4.865625
4.859375
4.850000
4.843750
4.837500
4.828125
4.818750
4.809375
4.803125
4.793750
4.784375
4.775000
4.765625
4.756250
4.746875
4.737500
4.728125
4.718750
4.709375
4.696875
4.684375
4.671875
4.659375
4.650000
4.640625
4.628125
4.615625
4.603125
4.590625
4.578125
4.568750
4.559375
4.550000
4.537500
4.525000
4.509375
4.493750
4.481250
4.468750
4.456250
4.440625
4.428125
4.412500
4.396875
4.384375
4.368750
4.353125
4.337500
4.321875
4.309375
4.293750
4.278125
4.262500
4.246875
4.228125
4.209375
4.190625
4.171875
4.153125
4.134375
4.118750
4.103125
4.084375
4.065625
4.046875
4.031250
4.009375
3.990625
3.971875
3.950000
3.931250
3.912500
3.893750
3.875000
3.853125
3.834375
3.815625
3.796875
3.775000
3.756250
3.737500
3.718750
3.696875
3.678125
3.656250
3.634375
3.609375
3.590625
3.568750
3.546875
3.525000
3.503125
3.481250
3.456250
3.434375
3.412500
3.390625
3.365625
3.340625
3.318750
3.293750
3.268750
3.243750
3.221875
3.200000
3.175000
3.150000
3.125000
3.103125
3.081250
3.056250
3.034375
3.009375
2.987500
2.962500
2.934375
2.909375
2.884375
2.862500
2.837500
2.812500
2.787500
2.762500
2.737500
2.709375
2.684375
2.659375
2.634375
2.606250
2.575000
2.546875
2.518750
2.490625
2.462500
2.434375
2.409375
2.381250
2.353125
2.321875
2.293750
2.268750
2.240625
2.212500
2.181250
2.153125
2.125000
2.096875
2.068750
2.037500
2.009375
1.981250
1.953125
1.921875
1.893750
1.865625
1.837500
1.809375
1.781250
1.750000
1.718750
1.687500
1.659375
1.628125
1.600000
1.571875
1.543750
1.515625
1.484375
1.456250
1.428125
1.396875
1.365625
1.334375
1.306250
1.275000
1.243750
1.212500
1.181250
1.150000
1.121875
1.090625
1.059375
1.031250
1.000000
0.971875
0.940625
0.909375
0.878125
0.846875
0.815625
0.781250
0.750000
0.718750
0.687500
0.656250
0.628125
0.596875
0.568750
0.537500
0.509375
0.481250
0.453125
0.425000
0.396875
0.365625
0.334375
0.306250
0.275000
0.243750
0.212500
0.184375
0.153125
0.125000
0.096875
0.065625
0.034375
0.003125
-0.025000
-0.056250
-0.087500
-0.121875
-0.153125
-0.184375
-0.215625
-0.246875
-0.281250
-0.315625
-0.350000
-0.384375
-0.415625
-0.443750
-0.478125
-0.509375
-0.540625
-0.571875
-0.606250
-0.637500
-0.668750
-0.703125
-0.734375
-0.762500
-0.793750
-0.825000
-0.856250
-0.887500
-0.915625
-0.946875
-0.978125
-1.009375
-1.040625
-1.068750
-1.100000
-1.128125
-1.156250
-1.187500
-1.218750
-1.250000
-1.281250
-1.309375
-1.340625
-1.368750
-1.396875
-1.428125
-1.456250
-1.487500
-1.518750
-1.546875
-1.575000
-1.603125
-1.631250
-1.659375
-1.687500
-1.715625
-1.743750
-1.771875
-1.803125
-1.831250
-1.859375
-1.890625
-1.918750
-1.946875
-1.971875
-2.000000
-2.028125
-2.056250
-2.084375
-2.115625
-2.143750
-2.171875
-2.196875
-2.221875
-2.250000
-2.278125
-2.303125
-2.331250
-2.359375
-2.384375
-2.412500
-2.437500
-2.465625
-2.490625
-2.515625
-2.543750
-2.568750
-2.593750
-2.621875
-2.650000
-2.675000
-2.703125
-2.728125
-2.753125
-2.775000
-2.796875
-2.821875
-2.846875
-2.875000
-2.900000
-2.925000
-2.953125
-2.978125
-3.003125
-3.031250
-3.053125
-3.078125
-3.100000
-3.125000
-3.150000
-3.171875
-3.196875
-3.221875
-3.243750
-3.265625
-3.290625
-3.312500
-3.334375
-3.359375
-3.384375
-3.409375
-3.431250
-3.456250
-3.478125
-3.500000
-3.525000
-3.546875
-3.568750
-3.590625
-3.609375
-3.631250
-3.650000
-3.668750
-3.687500
-3.706250
-3.728125
-3.746875
-3.765625
-3.784375
-3.803125
-3.818750
-3.837500
-3.856250
-3.871875
-3.890625
-3.909375
-3.931250
-3.946875
-3.962500
-3.981250
-3.996875
-4.012500
-4.028125
-4.043750
-4.059375
-4.078125
-4.096875
-4.118750
-4.134375
-4.153125
-4.168750
-4.184375
-4.200000
-4.215625
-4.234375
-4.250000
-4.265625
-4.281250
-4.296875
-4.312500
-4.328125
-4.340625
-4.356250
-4.371875
-4.384375
-4.396875
-4.409375
-4.425000
-4.437500
-4.453125
-4.465625
-4.478125
-4.487500
-4.500000
-4.509375
-4.518750
-4.528125
-4.537500
-4.546875
-4.556250
-4.568750
-4.578125
-4.587500
-4.600000
-4.606250
-4.615625
-4.625000
-4.634375
-4.643750
-4.653125
-4.662500
-4.671875
-4.678125
-4.687500
-4.693750
-4.700000
-4.706250
-4.712500
-4.718750
-4.725000
-4.731250
-4.737500
-4.746875
-4.756250
-4.762500
-4.768750
-4.775000
-4.781250
-4.784375
-4.790625
-4.793750
-4.796875
-4.800000
-4.803125
-4.806250
-4.812500
-4.815625
-4.818750
-4.825000
-4.828125
-4.831250
-4.837500
-4.840625
-4.843750
-4.850000
-4.853125
-4.856250
-4.859375
-4.859375
-4.859375
-4.862500
-4.862500
-4.865625
-4.865625
-4.868750
-4.868750
-4.868750
-4.868750
-4.868750
-4.871875
-4.868750
-4.868750
-4.868750
-4.865625
-4.865625
-4.865625
-4.862500
-4.862500
-4.859375
-4.853125
-4.853125
-4.850000
-4.843750
-4.840625
-4.837500
-4.831250
-4.828125
-4.821875
-4.818750
-4.812500
-4.809375
-4.806250
-4.803125
-4.796875
-4.790625
-4.784375
-4.778125
-4.771875
-4.765625
-4.759375
-4.750000
-4.740625
-4.731250
-4.725000
-4.718750
-4.709375
-4.703125
-4.696875
-4.687500
-4.681250
-4.671875
-4.665625
-4.656250
-4.646875
-4.637500
-4.628125
-4.618750
-4.609375
-4.603125
-4.590625
-4.581250
-4.571875
-4.562500
-4.553125
-4.543750
-4.534375
-4.525000
-4.515625
-4.506250
-4.493750
-4.481250
-4.471875
-4.459375
-4.446875
-4.434375
-4.425000
-4.409375
-4.396875
-4.384375
-4.371875
-4.356250
-4.343750
-4.328125
-4.312500
-4.300000
-4.284375
-4.268750
-4.253125
-4.237500
-4.218750
-4.203125
-4.187500
-4.171875
-4.156250
-4.143750
-4.128125
-4.109375
-4.090625
-4.075000
-4.056250
-4.037500
-4.021875
-4.006250
-3.990625
-3.975000
-3.959375
-3.940625
-3.921875
-3.903125
-3.884375
-3.868750
-3.850000
-3.831250
-3.812500
-3.796875
-3.778125
-3.759375
-3.740625
-3.718750
-3.696875
-3.678125
-3.656250
-3.637500
-3.615625
-3.593750
-3.571875
-3.550000
-3.528125
-3.503125
-3.478125
-3.456250
-3.434375
-3.412500
-3.390625
-3.365625
-3.340625
-3.315625
-3.290625
-3.268750
-3.243750
-3.221875
-3.196875
-3.171875
-3.150000
-3.125000
-3.100000
-3.078125
-3.053125
-3.031250
-3.009375
-2.984375
-2.959375
-2.931250
-2.906250
-2.881250
-2.856250
-2.828125
-2.803125
-2.775000
-2.750000
-2.725000
-2.703125
-2.681250
-2.653125
-2.628125
-2.600000
-2.575000
-2.546875
-2.518750
-2.493750
-2.465625
-2.437500
-2.412500
-2.387500
-2.359375
-2.334375
-2.306250
-2.281250
-2.256250
-2.228125
-2.200000
-2.171875
-2.143750
-2.115625
-2.087500
-2.059375
-2.028125
-1.996875
-1.968750
-1.940625
-1.912500
-1.884375
-1.859375
-1.831250
-1.803125
-1.775000
-1.746875
-1.718750
-1.687500
-1.659375
-1.628125
-1.600000
-1.571875
-1.540625
-1.512500
-1.481250
-1.453125
-1.425000
-1.400000
-1.371875
-1.343750
-1.318750
-1.290625
-1.262500
-1.231250
-1.203125
-1.171875
-1.140625
-1.112500
-1.081250
-1.053125
-1.021875
-0.990625
-0.959375
-0.928125
-0.900000
-0.871875
-0.840625
-0.809375
-0.778125
-0.746875
-0.715625
-0.681250
-0.646875
-0.615625
-0.584375
-0.550000
-0.518750
-0.484375
-0.453125
-0.421875
-0.390625
-0.359375
-0.325000
-0.293750
-0.259375
-0.228125
-0.196875
-0.165625
-0.134375
-0.103125
-0.068750
-0.037500
-0.006250
0.025000
0.053125
0.084375
0.112500
0.140625
0.171875
0.203125
0.234375
0.265625
0.293750
0.325000
0.356250
0.387500
0.418750
0.450000
0.481250
0.509375
0.537500
0.568750
0.600000
0.631250
0.662500
0.693750
0.725000
0.756250
0.787500
0.818750
0.850000
0.881250
0.915625
0.946875
0.978125
1.006250
1.037500
1.068750
1.096875
1.131250
1.162500
1.193750
1.221875
1.253125
1.281250
1.312500
1.343750
1.371875
1.400000
1.431250
1.459375
1.487500
1.515625
1.543750
1.571875
1.600000
1.631250
1.659375
1.687500
1.715625
1.743750
1.771875
1.800000
1.831250
1.856250
1.884375
1.912500
1.943750
1.971875
2.003125
2.034375
2.062500
2.093750
2.121875
2.150000
2.181250
2.212500
2.240625
2.268750
2.300000
2.328125
2.356250
2.384375
2.412500
2.440625
2.471875
2.500000
2.531250
2.559375
2.587500
2.612500
2.640625
2.665625
2.690625
2.718750
2.743750
2.768750
2.793750
2.821875
2.846875
2.868750
2.893750
2.921875
2.946875
2.971875
2.996875
3.018750
3.043750
3.068750
3.096875
3.118750
3.143750
3.165625
3.187500
3.212500
3.237500
3.262500
3.287500
3.312500
3.331250
3.353125
3.375000
3.396875
3.418750
3.440625
3.465625
3.487500
3.506250
3.528125
3.550000
3.571875
3.596875
3.615625
3.634375
3.653125
3.675000
3.693750
3.715625
3.734375
3.753125
3.775000
3.793750
3.812500
3.831250
3.853125
3.871875
3.893750
3.912500
3.931250
3.953125
3.971875
3.990625
4.009375
4.028125
4.043750
4.059375
4.075000
4.093750
4.112500
4.128125
4.146875
4.165625
4.181250
4.200000
4.215625
4.231250
4.246875
4.262500
4.278125
4.293750
4.309375
4.325000
4.340625
4.356250
4.368750
4.381250
4.396875
4.412500
4.428125
4.443750
4.459375
4.471875
4.487500
4.500000
4.515625
4.528125
4.540625
4.553125
4.565625
4.581250
4.593750
4.606250
4.621875
4.634375
4.646875
4.662500
4.675000
4.687500
4.700000
4.712500
4.725000
4.734375
4.743750
4.753125
4.762500
4.775000
4.787500
4.793750
4.803125
4.812500
4.821875
4.831250
4.840625
4.850000
4.856250
4.862500
4.868750
4.871875
4.878125
4.887500
4.893750
4.900000
4.903125
4.906250
4.909375
4.915625
4.921875
4.928125
4.934375
4.940625
4.943750
4.946875
4.953125
4.959375
4.962500
4.965625
4.968750
4.971875
4.975000
4.978125
4.981250
4.984375
4.987500
4.990625
4.990625
4.990625
4.990625
4.993750
4.996875
5.000000
5.000000
5.000000
5.000000
5.000000
5.000000
5.000000
5.000000
4.996875
4.996875
4.996875
4.993750
4.993750
4.993750