
-4.765625
-4.765625
-4.765625
-4.843750
-4.765625
-4.765625
-4.843750
-4.765625
-4.765625
-4.765625
-4.765625
-4.687500
-4.687500
-4.765625
-4.687500
-4.687500
-4.687500
-4.687500
-4.687500
-4.687500
-4.687500
-4.687500
-4.687500
-4.609375
-4.609375
-4.609375
-4.609375
-4.609375
-4.609375
-4.609375
-4.609375
-4.609375
-4.531250
-4.531250
-4.531250
-4.531250
-4.531250
-4.453125
-4.531250
-4.453125
-4.453125
-4.453125
-4.375000
-4.453125
-4.453125
-4.375000
-4.375000
-4.375000
-4.375000
-4.375000
-4.375000
-4.296875
-4.296875
-4.296875
-4.296875
-4.218750
-4.218750
-4.218750
-4.218750
-4.218750
-4.218750
-4.140625
-4.140625
-4.140625
-4.140625
-4.062500
-4.062500
-4.062500
-3.984375
-3.984375
-3.984375
-3.984375
-3.984375
-3.984375
-3.906250
-3.906250
-3.828125
-3.906250
-3.828125
-3.828125
-3.828125
-3.828125
-3.828125
-3.828125
-3.750000
-3.750000
-3.750000
-3.671875
-3.671875
-3.671875
-3.671875
-3.671875
-3.593750
-3.593750
-3.515625
-3.515625
-3.515625
-3.437500
-3.437500
-3.437500
-3.437500
-3.437500
-3.437500
-3.359375
-3.359375
-3.281250
-3.281250
-3.281250
-3.203125
-3.203125
-3.203125
-3.125000
-3.125000
-3.125000
-3.125000
-3.046875
-3.046875
-3.046875
-2.968750
-2.968750
-2.890625
-2.890625
-2.890625
-2.812500
-2.812500
-2.812500
-2.812500
-2.734375
-2.734375
-2.656250
-2.656250
-2.656250
-2.656250
-2.578125
-2.578125
-2.500000
-2.500000
-2.500000
-2.500000
-2.500000
-2.421875
-2.421875
-2.343750
-2.343750
-2.343750
-2.265625
-2.265625
-2.265625
-2.187500
-2.187500
-2.109375
-2.109375
-2.109375
-2.031250
-2.031250
-2.031250
-1.953125
-1.953125
-1.953125
-1.875000
-1.875000
-1.875000
-1.796875
-1.796875
-1.718750
-1.718750
-1.718750
-1.640625
-1.640625
-1.640625
-1.562500
-1.562500
-1.562500
-1.484375
-1.484375
-1.406250
-1.406250
-1.406250
-1.328125
-1.328125
-1.250000
-1.250000
-1.250000
-1.171875
-1.171875
-1.093750
-1.093750
-1.093750
-1.093750
-1.015625
-1.015625
-0.937500
-0.937500
-0.859375
-0.859375
-0.781250
-0.781250
-0.781250
-0.703125
-0.703125
-0.625000
-0.625000
-0.625000
-0.625000
-0.546875
-0.546875
-0.546875
-0.468750
-0.390625
-0.390625
-0.390625
-0.312500
-0.312500
-0.234375
-0.234375
-0.156250
-0.156250
-0.156250
-0.078125
-0.078125
-0.078125
0.000000
0.000000
0.078125
0.156250
0.156250
0.156250
0.156250
0.234375
0.234375
0.312500
0.312500
0.312500
0.312500
0.390625
0.390625
0.468750
0.468750
0.468750
0.546875
0.546875
0.625000
0.625000
0.703125
0.703125
0.703125
0.781250
0.781250
0.859375
0.859375
0.859375
0.937500
0.859375
1.015625
1.015625
1.015625
1.093750
1.093750
1.093750
1.171875
1.171875
1.250000
1.250000
1.250000
1.250000
1.328125
1.328125
1.406250
1.406250
1.484375
1.484375
1.484375
1.562500
1.562500
1.640625
1.640625
1.640625
1.640625
1.718750
1.718750
1.796875
1.796875
1.796875
1.875000
1.953125
1.953125
1.953125
1.953125
2.031250
2.031250
2.109375
2.109375
2.109375
2.187500
2.187500
2.187500
2.265625
2.265625
2.265625
2.265625
2.343750
2.343750
2.421875
2.421875
2.421875
2.500000
2.500000
2.578125
2.578125
2.578125
2.656250
2.656250
2.656250
2.656250
2.734375
2.734375
2.812500
2.812500
2.812500
2.890625
2.890625
2.890625
2.968750
2.968750
2.968750
2.968750
3.046875
3.046875
3.125000
3.125000
3.125000
3.125000
3.203125
3.203125
3.203125
3.203125
3.281250
3.281250
3.281250
3.359375
3.359375
3.437500
3.437500
3.437500
3.437500
3.515625
3.515625
3.593750
3.515625
3.593750
3.593750
3.593750
3.593750
3.593750
3.671875
3.671875
3.671875
3.671875
3.750000
3.750000
3.828125
3.828125
3.828125
3.828125
3.906250
3.906250
3.906250
3.906250
3.906250
3.984375
3.984375
4.062500
4.062500
4.062500
4.062500
4.062500
4.062500
4.140625
4.218750
4.140625
4.140625
4.218750
4.218750
4.218750
4.218750
4.296875
4.296875
4.296875
4.296875
4.296875
4.375000
4.375000
4.375000
4.375000
4.375000
4.375000
4.453125
4.453125
4.453125
4.453125
4.453125
4.531250
4.531250
4.531250
4.531250
4.531250
4.609375
4.531250
4.531250
4.609375
4.609375
4.609375
4.687500
4.609375
4.609375
4.609375
4.687500
4.687500
4.765625
4.765625
4.765625
4.765625
4.765625
4.765625
4.765625
4.765625
4.765625
4.765625
4.843750
4.765625
4.843750
4.843750
4.843750
4.843750
4.843750
4.843750
4.843750
4.843750
4.843750
4.921875
4.921875
4.843750
4.921875
4.921875
4.921875
4.921875
4.921875
4.921875
4.921875
5.000000
4.921875
5.000000
5.000000
4.921875
4.921875
4.921875
5.000000
5.000000
5.000000
5.000000
5.000000
5.000000
5.000000
4.921875
5.000000
5.000000
5.000000
5.000000
5.000000
5.000000
5.000000
5.000000
5.000000
5.000000
5.000000
5.000000
5.000000
5.000000
5.000000
5.000000
5.000000
5.000000
5.000000
5.000000
5.000000
4.921875
5.000000
5.000000
5.000000
5.000000
5.000000
5.000000
5.000000
4.921875
4.921875
4.921875
4.921875
4.921875
4.921875
4.921875
5.000000
4.921875
4.921875
4.921875
4.921875
4.921875
4.921875
4.921875
4.921875
4.843750
4.921875
4.843750
4.843750
4.843750
4.843750
4.843750
4.843750
4.843750
4.843750
4.843750
4.843750
4.765625
4.765625
4.765625
4.843750
4.843750
4.687500
4.765625
4.687500
4.765625
4.687500
4.687500
4.687500
4.687500
4.687500
4.609375
4.687500
4.609375
4.609375
4.609375
4.609375
4.609375
4.531250
4.531250
4.531250
4.531250
4.531250
4.531250
4.453125
4.453125
4.453125
4.453125
4.375000
4.375000
4.375000
4.375000
4.296875
4.375000
4.296875
4.296875
4.296875
4.296875
4.218750
4.218750
4.218750
4.218750
4.218750
4.218750
4.218750
4.140625
4.218750
4.140625
4.140625
4.062500
4.062500
4.062500
4.062500
4.062500
3.984375
3.984375
3.984375
3.984375
3.906250
3.906250
3.906250
3.906250
3.828125
3.828125
3.828125
3.750000
3.750000
3.750000
3.671875
3.671875
3.671875
3.671875
3.593750
3.593750
3.593750
3.593750
3.593750
3.515625
3.515625
3.515625
3.515625
3.437500
3.437500
3.437500
3.359375
3.359375
3.359375
3.281250
3.281250
3.281250
3.203125
3.203125
3.203125
3.203125
3.125000
3.125000
3.125000
3.046875
2.968750
2.968750
2.968750
2.968750
2.968750
2.968750
2.890625
2.890625
2.812500
2.890625
2.812500
2.734375
2.734375
2.734375
2.734375
2.578125
2.578125
2.656250
2.578125
2.500000
2.578125
2.500000
2.500000
2.500000
2.421875
2.343750
2.343750
2.343750
2.265625
2.265625
2.187500
2.187500
2.187500
2.109375
2.187500
2.109375
2.031250
2.031250
2.031250
1.953125
1.953125
1.875000
1.875000
1.875000
1.796875
1.796875
1.796875
1.718750
1.718750
1.640625
1.640625
1.640625
1.640625
1.562500
1.562500
1.484375
1.484375
1.484375
1.406250
1.406250
1.406250
1.406250
1.328125
1.328125
1.250000
1.171875
1.171875
1.171875
1.093750
1.093750
1.093750
1.015625
1.015625
0.937500
0.937500
0.937500
0.859375
0.859375
0.859375
0.859375
0.781250
0.703125
0.703125
0.703125
0.625000
0.625000
0.625000
0.546875
0.468750
0.468750
0.468750
0.390625
0.390625
0.390625
0.312500
0.312500
0.234375
0.234375
0.234375
0.156250
0.156250
0.156250
0.078125
0.078125
0.000000
0.000000
-0.078125
-0.078125
-0.156250
-0.078125
-0.156250
-0.156250
-0.234375
-0.234375
-0.234375
-0.312500
-0.390625
-0.390625
-0.390625
-0.468750
-0.468750
-0.546875
-0.546875
-0.625000
-0.625000
-0.625000
-0.703125
-0.703125
-0.781250
-0.781250
-0.781250
-0.859375
-0.859375
-0.859375
-0.937500
-0.937500
-0.937500
-1.093750
-1.015625
-1.015625
-1.093750
-1.171875
-1.171875
-1.171875
-1.171875
-1.250000
-1.328125
-1.328125
-1.328125
-1.406250
-1.406250
-1.484375
-1.484375
-1.484375
-1.562500
-1.562500
-1.562500
-1.640625
-1.640625
-1.718750
-1.718750
-1.718750
-1.718750
-1.718750
-1.796875
-1.796875
-1.875000
-1.875000
-1.875000
-1.953125
-1.953125
-1.953125
-2.031250
-2.031250
-2.109375
-2.109375
-2.109375
-2.187500
-2.187500
-2.265625
-2.265625
-2.343750
-2.343750
-2.343750
-2.343750
-2.421875
-2.421875
-2.500000
-2.500000
-2.500000
-2.500000
-2.500000
-2.500000
-2.578125
-2.656250
-2.656250
-2.656250
-2.656250
-2.734375
-2.734375
-2.812500
-2.812500
-2.812500
-2.890625
-2.890625
-2.890625
-2.968750
-2.968750
-2.968750
-2.968750
-3.046875
-3.046875
-3.046875
-3.125000
-3.125000
-3.125000
-3.125000
-3.203125
-3.281250
-3.281250
-3.281250
-3.281250
-3.359375
-3.359375
-3.437500
-3.359375
-3.437500
-3.437500
-3.437500
-3.437500
-3.515625
-3.515625
-3.515625
-3.593750
-3.593750
-3.593750
-3.671875
-3.671875
-3.671875
-3.671875
-3.671875
-3.828125
-3.828125
-3.750000
-3.828125
-3.828125
-3.828125
-3.828125
-3.906250
-3.828125
-3.906250
-3.906250
-3.906250
-3.906250
-3.984375
-3.984375
-3.984375
-3.984375
-3.984375
-4.062500
-4.140625
-4.062500
-4.140625
-4.140625
-4.140625
-4.140625
-4.140625
-4.218750
-4.218750
-4.218750
-4.296875
-4.218750
-4.296875
-4.296875
-4.296875
-4.296875
-4.296875
-4.375000
-4.375000
-4.375000
-4.375000
-4.375000
-4.375000
-4.375000
-4.453125
-4.453125
-4.453125
-4.453125
-4.453125
-4.453125
-4.531250
-4.531250
-4.531250
-4.531250
-4.609375
-4.609375
-4.609375
-4.609375
-4.531250
-4.609375
-4.609375
-4.609375
-4.609375
-4.609375
-4.609375
-4.609375
-4.687500
-4.687500
-4.687500
-4.687500
-4.687500
-4.687500
-4.765625
-4.765625
-4.687500
-4.765625
-4.765625
-4.765625
-4.765625
-4.765625
-4.765625
-4.765625
-4.765625
-4.765625
-4.765625
-4.765625
-4.765625
-4.843750
-4.843750
-4.765625
-4.765625
-4.843750
-4.843750
-4.843750
-4.843750
-4.843750
-4.843750
-4.843750
-4.843750
-4.843750
-4.921875
-4.843750
-4.843750
-4.843750
-4.921875
-4.843750
-4.843750
-4.843750
-4.843750
-4.843750
-4.843750
-4.921875
-4.921875
-4.843750
-4.843750
-4.843750
-4.843750
-4.921875
-4.921875
-4.843750
-4.921875
-4.843750
-4.843750
-4.843750
-4.843750
-4.843750
-4.843750
-4.843750
-4.843750
-4.843750
-4.843750
-4.843750
-4.843750
-4.843750
-4.843750
-4.843750
-4.765625
-4.843750
-4.765625
-4.765625
-4.843750
-4.765625
-4.765625
-4.765625
-4.765625
-4.765625
-4.765625
-4.765625
-4.765625
-4.687500
-4.687500
-4.687500
-4.765625
-4.687500
-4.687500
-4.687500
-4.687500
-4.687500
-4.687500
-4.609375
-4.609375
-4.609375
-4.687500
-4.609375
-4.609375
-4.609375
-4.609375
-4.609375
-4.609375
-4.531250
-4.609375
-4.531250
-4.531250
-4.531250
-4.531250
-4.453125
-4.531250
-4.531250
-4.453125
-4.453125
-4.453125
-4.453125
-4.453125
-4.375000
-4.375000
-4.375000
-4.375000
-4.375000
-4.296875
-4.296875
-4.296875
-4.296875
-4.296875
-4.296875
-4.218750
-4.218750
-4.218750
-4.140625
-4.218750
-4.140625
-4.140625
-4.140625
-4.140625
-4.062500
-4.062500
-3.984375
-4.062500
-3.984375
-3.984375
-3.984375
-3.984375
-3.984375
-3.984375
-3.906250
-3.906250
-3.906250
-3.828125
-3.828125
-3.828125
-3.828125
-3.828125
-3.828125
-3.828125
-3.750000
-3.750000
-3.671875
-3.671875
-3.671875
-3.671875
-3.593750
-3.593750
-3.593750
-3.593750
-3.515625
-3.515625
-3.437500
-3.515625
-3.437500
-3.437500
-3.437500
-3.437500
-3.359375
-3.281250
-3.281250
-3.281250
-3.281250
-3.281250
-3.203125
-3.203125
-3.125000
-3.125000
-3.125000
-3.125000
-3.046875
-3.046875
-2.968750
-2.968750
-2.968750
-2.968750
-2.890625
-2.890625
-2.812500
-2.812500
-2.812500
-2.812500
-2.734375
-2.734375
-2.734375
-2.656250
-2.656250
-2.656250
-2.578125
-2.578125
-2.500000
-2.500000
-2.500000
-2.500000
-2.500000
-2.421875
-2.421875
-2.421875
-2.343750
-2.343750
-2.265625
-2.265625
-2.265625
-2.187500
-2.187500
-2.109375
-2.109375
-2.031250
-2.031250
-2.031250
-2.031250
-1.953125
-1.953125
-1.875000
-1.953125
-1.875000
-1.796875
-1.796875
-1.718750
-1.718750
-1.718750
-1.718750
-1.718750
-1.640625
-1.562500
-1.562500
-1.562500
-1.562500
-1.484375
-1.484375
-1.484375
-1.406250
-1.406250
-1.328125
-1.328125
-1.328125
-1.250000
-1.171875
-1.171875
-1.171875
-1.093750
-1.093750
-1.015625
-1.093750
-1.015625
-1.015625
-0.937500
-0.937500
-0.859375
-0.859375
-0.859375
-0.781250
-0.703125
-0.703125
-0.703125
-0.625000
-0.625000
-0.625000
-0.625000
-0.546875
-0.546875
-0.468750
-0.468750
-0.390625
-0.390625
-0.390625
-0.312500
-0.234375
-0.234375
-0.234375
-0.234375
-0.156250
-0.078125
-0.078125
-0.078125
0.000000
0.000000
0.000000
0.000000
0.078125
0.078125
0.156250
0.156250
0.234375
0.234375
0.312500
0.312500
0.312500
0.312500
0.390625
0.390625
0.468750
0.468750
0.468750
0.546875
0.546875
0.625000
0.703125
0.703125
0.703125
0.781250
0.781250
0.781250
0.859375
0.859375
0.859375
0.937500
0.937500
1.015625
1.015625
1.015625
1.093750
1.093750
1.093750
1.093750
1.171875
1.250000
1.250000
1.250000
1.328125
1.328125
1.328125
1.406250
1.406250
1.484375
1.484375
1.562500
1.562500
1.562500
1.562500
1.640625
1.640625
1.640625
1.718750
1.718750
1.796875
1.796875
1.796875
1.875000
1.953125
1.875000
1.953125
1.953125
2.031250
2.031250
2.031250
2.109375
2.109375
2.187500
2.187500
2.187500
2.187500
2.265625
2.265625
2.343750
2.343750
2.343750
2.421875
2.421875
2.421875
2.421875
2.500000
2.578125
2.578125
2.578125
2.656250
2.656250
2.656250
2.734375
2.734375
2.734375
2.812500
2.812500
2.812500
2.890625
2.890625
2.968750
2.968750
2.968750
2.968750
3.046875
3.046875
3.125000
3.125000
3.125000
3.125000
3.125000
3.203125
3.203125
3.203125
3.281250
3.281250
3.281250
3.359375
3.359375
3.359375
3.437500
3.437500
3.437500
3.515625
3.515625
3.515625
3.515625
3.515625
3.593750
3.515625
3.593750
3.671875
3.671875
3.671875
3.671875
3.671875
3.671875
3.750000
3.750000
3.828125
3.828125
3.906250
3.906250
3.906250
3.906250
3.906250
3.906250
3.984375
3.984375
3.984375
3.984375
4.062500
4.062500
4.062500
4.062500
4.140625
4.140625
4.140625
4.140625
4.218750
4.140625
4.218750
4.218750
4.218750
4.218750
4.218750
4.296875
4.296875
4.375000
4.296875
4.375000
4.375000
4.375000
4.375000
4.453125
4.375000
4.375000
4.453125
4.453125
4.453125
4.453125
4.531250
4.531250
4.531250
4.531250
4.609375
4.609375
4.531250
4.609375
4.609375
4.609375
4.609375
4.609375
4.609375
4.609375
4.687500
4.687500
4.687500
4.687500
4.687500
4.687500
4.765625
4.765625
4.765625
4.765625
4.765625
4.843750
4.765625
4.765625
4.843750
4.843750
4.843750
4.843750
4.843750
4.843750
4.843750
4.843750
4.843750
4.843750
4.843750
4.921875
4.921875
4.921875
4.921875
4.921875
4.921875
4.921875
4.921875
5.000000
4.921875
4.921875
5.000000
4.921875
4.921875
4.921875
5.000000
5.000000
5.000000
4.921875
4.921875
5.000000
5.000000
5.000000
5.000000
5.000000
5.000000
5.000000
5.000000
5.000000
5.000000
5.000000
5.000000
5.000000
5.000000
5.000000
5.000000
5.000000
5.000000
5.000000
5.000000
5.000000
5.000000
5.000000
5.000000
5.000000
5.000000
5.000000
5.000000
5.000000
5.000000
5.000000
4.921875
5.000000
5.000000
5.000000
4.921875
4.921875
4.921875
4.921875
5.000000
4.921875
4.921875
4.921875
4.921875
4.921875
4.843750
4.921875
4.921875
4.921875
4.843750
4.843750
4.843750
4.843750
4.843750
4.843750
4.843750
4.843750
4.843750
4.843750
4.843750
4.765625
4.687500
4.765625
4.765625
4.765625
4.765625
4.765625
4.687500
4.687500
4.687500
4.687500
4.687500
4.687500
4.687500
4.609375
4.609375
4.609375
4.609375
4.609375
4.609375
4.609375
4.531250
4.531250
4.531250
4.531250
4.531250
4.453125
4.453125
4.453125
4.453125
4.453125
4.453125
4.453125
4.453125
4.453125
4.375000
4.375000
4.296875
4.296875
4.296875
4.296875
4.296875
4.218750
4.296875
4.218750
4.218750
4.218750
4.140625
4.140625
4.140625
4.140625
4.140625
4.062500
4.062500
4.062500
4.062500
3.984375
3.984375
3.984375
3.984375
3.906250
3.906250
3.906250
3.906250
3.828125
3.828125
3.828125
3.828125
3.750000
3.750000
3.750000
3.671875
3.671875
3.671875
3.671875
3.671875
3.593750
3.593750
3.593750
3.593750
3.515625
3.515625
3.515625
3.515625
3.437500
3.437500
3.359375
3.359375
3.281250
3.359375
3.281250
3.281250
3.281250
3.203125
3.203125
3.125000
3.125000
3.125000
3.125000
3.046875
3.046875
3.046875
2.968750
2.968750
2.968750
2.968750
2.968750
2.890625
2.890625
2.812500
2.890625
2.812500
2.734375
2.734375
2.734375
2.734375
2.656250
2.578125
2.578125
2.578125
2.578125
2.500000
2.500000
2.500000
2.421875
2.421875
2.343750
2.343750
2.343750
2.343750
2.265625
2.187500
2.187500
2.187500
2.109375
2.187500
2.109375
2.109375
2.031250
2.031250
1.953125
1.953125
1.953125
1.875000
1.875000
1.796875
1.796875
1.796875
1.796875
1.718750
1.640625
1.640625
1.640625
1.640625
1.562500
1.562500
1.484375
1.484375
1.484375
1.406250
1.406250
1.328125
1.328125
1.328125
1.250000
1.250000
1.250000
1.250000
1.171875
1.093750
1.093750
1.093750
1.015625
1.015625
0.937500
0.937500
0.859375
0.859375
0.859375
0.781250
0.781250
0.781250
0.703125
0.703125
0.703125
0.625000
0.625000
0.546875
0.546875
0.468750
0.468750
0.468750
0.390625
0.390625
0.312500
0.312500
0.312500
0.312500
0.234375
0.234375
0.156250
0.156250
0.156250
0.156250
0.078125
0.078125
0.000000
-0.078125
0.000000
-0.078125
-0.156250
-0.156250
-0.156250
-0.234375
-0.234375
-0.234375
-0.312500
-0.390625
-0.390625
-0.390625
-0.468750
-0.468750
-0.546875
-0.546875
-0.546875
-0.625000
-0.625000
-0.703125
-0.703125
-0.781250
-0.781250
-0.781250
-0.781250
-0.859375
-0.859375
-0.937500
-0.937500
-1.015625
-1.015625
-1.015625
-1.093750
-1.093750
-1.093750
-1.171875
-1.171875
-1.250000
-1.250000
-1.250000
-1.328125
-1.328125
-1.406250
-1.406250
-1.406250
-1.484375
-1.484375
-1.484375
-1.562500
-1.562500
-1.640625
-1.640625
-1.640625
-1.718750
-1.718750
-1.718750
-1.796875
-1.796875
-1.875000
-1.875000
-1.875000
-1.875000
-1.953125
-1.953125
-1.953125
-2.031250
-2.031250
-2.109375
-2.109375
-2.187500
-2.187500
-2.187500
-2.265625
-2.265625
-2.265625
-2.265625
-2.343750
-2.343750
-2.421875
-2.421875
-2.500000
-2.500000
-2.500000
-2.500000
-2.500000
-2.578125
-2.578125
-2.578125
-2.656250
-2.656250
-2.656250
-2.734375
-2.734375
-2.812500
-2.812500
-2.812500
-2.890625
-2.890625
-2.890625
-2.968750
-2.968750
-2.968750
-3.046875
-3.046875
-3.046875
-3.046875
-3.046875
-3.125000
-3.125000
-3.203125
-3.203125
-3.203125
-3.281250
-3.281250
-3.281250
-3.359375
-3.281250
-3.359375
-3.359375
-3.437500
-3.437500
-3.437500
-3.515625
-3.515625
-3.515625
-3.515625
-3.593750
-3.593750
-3.593750
-3.671875
-3.671875
-3.671875
-3.671875
-3.750000
-3.750000
-3.750000
-3.828125
-3.828125
-3.828125
-3.828125
-3.828125
-3.828125
-3.828125
-3.828125
-3.906250
-3.906250
-3.984375
-3.984375
-3.984375
-3.984375
-3.984375
-3.984375
-4.062500
-4.062500
-4.062500
-4.140625
-4.140625
-4.218750
-4.140625
-4.140625
-4.218750
-4.218750
-4.218750
-4.218750
-4.218750
-4.218750
-4.296875
-4.296875
-4.375000
-4.296875
-4.375000
-4.375000
-4.375000
-4.375000
-4.375000
-4.453125
-4.375000
-4.453125
-4.453125
-4.453125
-4.531250
-4.531250
-4.531250
-4.531250
-4.531250
-4.531250
-4.531250
-4.531250
-4.609375
-4.531250
-4.609375
-4.609375
-4.609375
-4.609375
-4.609375
-4.609375
-4.609375
-4.609375
-4.609375
-4.609375
-4.687500
-4.687500
-4.687500
-4.687500
-4.765625
-4.687500
-4.765625
-4.765625
-4.765625
-4.765625
-4.765625
-4.765625
-4.765625
-4.765625
-4.765625
-4.765625
-4.765625
-4.765625
-4.765625
-4.765625
-4.765625
-4.765625
-4.765625
-4.843750
-4.843750
-4.843750
-4.843750
-4.843750
-4.843750
-4.843750
-4.843750
-4.843750
-4.843750
-4.843750
-4.843750
-4.843750
-4.921875
-4.843750
-4.843750
-4.921875
-4.843750
-4.843750
-4.921875
-4.843750
-4.843750
-4.921875
-4.843750
-4.843750
-4.921875
-4.843750
-4.843750
-4.921875
-4.843750
-4.921875
-4.843750
-4.921875
-4.843750
-4.843750
-4.843750
-4.843750
-4.921875
-4.843750
-4.843750
-4.843750
-4.843750
-4.843750
-4.843750
-4.843750
-4.843750
-4.765625
-4.765625
-4.843750
-4.765625
-4.765625
-4.765625
-4.765625
-4.765625
-4.765625
-4.765625
-4.765625
-4.765625
-4.765625
-4.765625
-4.765625
-4.687500
-4.765625
-4.687500
-4.687500
-4.687500
-4.687500
-4.687500
-4.609375
-4.609375
-4.609375
-4.609375
-4.609375
-4.609375
-4.609375
-4.609375
-4.531250
-4.609375
-4.531250
-4.609375
-4.531250
-4.531250
-4.531250
-4.531250
-4.531250
-4.531250
-4.531250
-4.453125
-4.453125
-4.453125
-4.453125
-4.453125
-4.453125
-4.375000
-4.375000
-4.375000
-4.375000
-4.296875
-4.296875
-4.375000
-4.296875
-4.218750
-4.296875
-4.296875
-4.218750
-4.218750
-4.218750
-4.218750
-4.140625
-4.218750
-4.140625
-4.140625
-4.140625
-4.062500
-4.062500
-4.062500
-4.062500
-3.984375
-3.984375
-3.984375
-3.984375
-3.984375
-3.984375
-3.906250
-3.906250
-3.828125
-3.828125
-3.828125
-3.828125
-3.828125
-3.828125
-3.828125
-3.828125
-3.750000
-3.750000
-3.671875
-3.671875
-3.671875
-3.671875
-3.593750
-3.593750
-3.593750
-3.593750
-3.515625
-3.515625
-3.515625
-3.437500
-3.437500
-3.437500
-3.359375
-3.359375
-3.281250
-3.281250
-3.281250
-3.281250
-3.281250
-3.203125
-3.203125
-3.203125
-3.203125
-3.125000
-3.125000
-3.046875
-3.046875
-2.968750
-2.968750
-3.046875
-2.968750
-2.968750
-2.890625
-2.890625
-2.890625
-2.812500
-2.812500
-2.812500
-2.734375
-2.734375
-2.734375
-2.656250
-2.656250
-2.578125
-2.578125
-2.578125
-2.578125
-2.500000
-2.500000
-2.421875
-2.421875
-2.421875
-2.421875
-2.421875
-2.343750
-2.343750
-2.265625
-2.265625
-2.187500
-2.187500
-2.187500
-2.109375
-2.109375
-2.109375
-2.109375
-2.031250
-2.031250
-1.953125
-1.953125
-1.953125
-1.875000
-1.875000
-1.796875
-1.796875
-1.718750
-1.718750
-1.718750
-1.640625
-1.640625
-1.640625
-1.640625
-1.562500
-1.562500
-1.562500
-1.484375
-1.484375
-1.406250
-1.406250
-1.406250
-1.328125
-1.328125
-1.250000
-1.250000
-1.250000
-1.171875
-1.171875
-1.093750
-1.093750
-1.093750
-1.093750
-1.015625
-1.015625
-1.015625
-0.937500
-0.937500
-0.859375
-0.859375
-0.781250
-0.781250
-0.781250
-0.703125
-0.703125
-0.625000
-0.625000
-0.546875
-0.546875
-0.546875
-0.546875
-0.468750
-0.390625
-0.390625
-0.312500
-0.312500
-0.234375
-0.234375
-0.234375
-0.234375
-0.156250
-0.156250
-0.078125
-0.078125
-0.078125
0.000000
0.000000
0.078125
0.078125
0.156250
0.156250
0.156250
0.234375
0.234375
0.234375
0.312500
0.312500
0.390625
0.390625
0.390625
0.468750
0.468750
0.468750
0.546875
0.546875
0.625000
0.625000
0.625000
0.703125
0.703125
0.781250
0.781250
0.859375
0.859375
0.859375
0.859375
0.937500
1.015625
1.015625
1.015625
1.093750
1.093750
1.171875
1.171875
1.171875
1.250000
1.250000
1.328125
1.328125
1.328125
1.328125
1.406250
1.406250
1.406250
1.562500
1.562500
1.562500
1.562500
1.640625
1.562500
1.640625
1.718750
1.718750
1.718750
1.796875
1.796875
1.796875
1.875000
1.875000
1.875000
1.953125
2.031250
2.031250
2.031250
2.031250
2.031250
2.109375
2.109375
2.187500
2.187500
2.265625
2.265625
2.343750
2.343750
2.343750
2.421875
2.421875
2.500000
2.421875
2.500000
2.578125
2.578125
2.578125
2.578125
2.656250
2.656250
2.734375
2.734375
2.734375
2.734375
2.812500
2.812500
2.890625
2.890625
2.890625
2.890625
2.968750
2.968750
2.968750
3.046875
3.046875
3.046875
3.125000
3.125000
3.125000
3.125000
3.203125
3.281250
3.203125
3.281250
3.281250
3.281250
3.359375
3.359375
3.437500
3.359375
3.437500
3.437500
3.437500
3.515625
3.515625
3.593750
3.593750
3.593750
3.515625
3.593750
3.593750
3.671875
3.671875
3.671875
3.750000
3.750000
3.750000
3.750000
3.828125
3.828125
3.906250
3.828125
3.828125
3.906250
3.906250
3.906250
3.984375
3.906250
3.984375
4.062500
4.062500
4.062500
4.062500
4.062500
4.062500
4.140625
4.140625
4.140625
4.218750
4.218750
4.218750
4.218750
4.218750
4.218750
4.218750
4.296875
4.296875
4.296875
4.296875
4.375000
4.375000
4.375000
4.375000
4.375000
4.453125
4.453125
4.453125
4.453125
4.453125
4.453125
4.531250
4.531250
4.531250
4.531250
4.531250
4.609375
4.609375
4.609375
4.609375
4.609375
4.609375
4.687500
4.609375
4.687500
4.687500
4.687500
4.687500
4.687500
4.765625
4.765625
4.765625
4.843750
4.765625
4.765625
4.843750
4.843750
4.843750
4.843750
4.843750
4.843750
4.843750
4.843750
4.843750
4.843750
4.921875
4.921875
4.843750
4.843750
4.921875
4.921875
4.921875
4.921875
4.921875
4.921875
4.921875
4.921875
4.921875
4.921875
5.000000
5.000000
5.000000
4.921875
4.921875
4.921875
5.000000
5.000000
5.000000
5.000000
5.000000
5.000000
5.000000
5.000000
5.000000
5.000000
5.000000
5.000000
5.000000
5.000000
5.000000
5.000000
5.000000
5.000000
5.000000
5.000000
5.000000
5.000000
5.000000
5.000000
5.000000
5.000000
5.000000
5.000000
5.000000
5.000000
5.000000
5.000000
4.921875
5.000000
5.000000
4.921875
5.000000
5.000000