
0.46875
0.42969
0.39063
0.39063
0.35156
0.31250
0.31250
0.23438
0.19531
0.19531
0.15625
0.11719
0.07813
0.03906
0.03906
0.00000
-0.03906
-0.07813
-0.11719
-0.11719
-0.15625
-0.19531
-0.23438
-0.23438
-0.27344
-0.31250
-0.35156
-0.39063
-0.39063
-0.42969
-0.46875
-0.50781
-0.54688
-0.54688
-0.58594
-0.62500
-0.62500
-0.66406
-0.70313
-0.78125
-0.74219
-0.82031
-0.82031
-0.85938
-0.89844
-0.93750
-0.93750
-0.97656
-1.01563
-1.05469
-1.05469
-1.09375
-1.13281
-1.13281
-1.17188
-1.21094
-1.21094
-1.25000
-1.28906
-1.28906
-1.36719
-1.36719
-1.36719
-1.40625
-1.44531
-1.48438
-1.48438
-1.48438
-1.52344
-1.56250
-1.60156
-1.60156
-1.60156
-1.64063
-1.67969
-1.71875
-1.71875
-1.75781
-1.79688
-1.79688
-1.79688
-1.83594
-1.87500
-1.87500
-1.91406
-1.91406
-1.91406
-1.95313
-1.99219
-1.99219
-1.99219
-2.03125
-2.03125
-2.07031
-2.07031
-2.10938
-2.10938
-2.14844
-2.14844
-2.18750
-2.18750
-2.18750
-2.22656
-2.22656
-2.22656
-2.22656
-2.26563
-2.26563
-2.30469
-2.30469
-2.30469
-2.34375
-2.34375
-2.34375
-2.34375
-2.38281
-2.38281
-2.38281
-2.42188
-2.42188
-2.42188
-2.42188
-2.42188
-2.42188
-2.42188
-2.46094
-2.46094
-2.46094
-2.46094
-2.46094
-2.50000
-2.46094
-2.50000
-2.46094
-2.46094
-2.50000
-2.50000
-2.46094
-2.50000
-2.46094
-2.50000
-2.50000
-2.50000
-2.50000
-2.50000
-2.46094
-2.46094
-2.50000
-2.46094
-2.46094
-2.46094
-2.46094
-2.46094
-2.46094
-2.46094
-2.42188
-2.46094
-2.42188
-2.42188
-2.42188
-2.38281
-2.42188
-2.38281
-2.38281
-2.38281
-2.34375
-2.34375
-2.34375
-2.30469
-2.34375
-2.30469
-2.30469
-2.26563
-2.26563
-2.26563
-2.22656
-2.22656
-2.22656
-2.22656
-2.18750
-2.18750
-2.14844
-2.14844
-2.10938
-2.10938
-2.10938
-2.07031
-2.03125
-2.03125
-2.03125
-1.99219
-1.95313
-1.95313
-1.91406
-1.91406
-1.91406
-1.91406
-1.87500
-1.83594
-1.83594
-1.79688
-1.79688
-1.75781
-1.75781
-1.71875
-1.67969
-1.67969
-1.60156
-1.60156
-1.60156
-1.56250
-1.56250
-1.52344
-1.52344
-1.44531
-1.44531
-1.40625
-1.40625
-1.36719
-1.32813
-1.32813
-1.28906
-1.25000
-1.25000
-1.21094
-1.21094
-1.17188
-1.13281
-1.09375
-1.05469
-1.05469
-1.01563
-1.01563
-0.93750
-0.93750
-0.89844
-0.85938
-0.85938
-0.82031
-0.78125
-0.74219
-0.74219
-0.70313
-0.66406
-0.62500
-0.58594
-0.58594
-0.54688
-0.50781
-0.46875
-0.42969
-0.42969
-0.39063
-0.35156
-0.31250
-0.27344
-0.23438
-0.23438
-0.23438
-0.15625
-0.11719
-0.11719
-0.07813
-0.03906
0.00000
0.00000
0.07813
0.07813
0.11719
0.15625
0.15625
0.19531
0.23438
0.27344
0.31250
0.35156
0.35156
0.39063
0.42969
0.46875
0.50781
0.50781
0.54688
0.58594
0.58594
0.62500
0.66406
0.70313
0.74219
0.74219
0.78125
0.82031
0.82031
0.89844
0.89844
0.93750
0.97656
0.97656
1.01563
1.05469
1.09375
1.13281
1.13281
1.13281
1.17188
1.21094
1.25000
1.25000
1.28906
1.32813
1.36719
1.40625
1.40625
1.40625
1.44531
1.48438
1.48438
1.52344
1.56250
1.56250
1.60156
1.64063
1.64063
1.67969
1.71875
1.71875
1.75781
1.75781
1.79688
1.79688
1.83594
1.87500
1.87500
1.87500
1.91406
1.91406
1.95313
1.95313
1.99219
2.03125
2.03125
2.07031
2.07031
2.07031
2.10938
2.10938
2.14844
2.18750
2.18750
2.18750
2.18750
2.22656
2.22656
2.22656
2.22656
2.26563
2.26563
2.26563
2.30469
2.30469
2.34375
2.34375
2.34375
2.38281
2.38281
2.38281
2.38281
2.42188
2.42188
2.42188
2.42188
2.46094
2.46094
2.46094
2.46094
2.46094
2.46094
2.46094
2.46094
2.46094
2.46094
2.46094
2.50000
2.46094
2.50000
2.46094
2.50000
2.50000
2.50000
2.50000
2.46094
2.50000
2.50000
2.50000
2.50000
2.46094
2.50000
2.46094
2.46094
2.46094
2.46094
2.46094
2.46094
2.46094
2.46094
2.46094
2.46094
2.46094
2.42188
2.42188
2.42188
2.42188
2.42188
2.38281
2.38281
2.38281
2.34375
2.34375
2.34375
2.34375
2.34375
2.30469
2.30469
2.26563
2.26563
2.26563
2.22656
2.18750
2.22656
2.18750
2.18750
2.18750
2.14844
2.10938
2.14844
2.10938
2.10938
2.07031
2.07031
2.03125
2.03125
1.99219
1.95313
1.95313
1.95313
1.91406
1.91406
1.87500
1.83594
1.83594
1.79688
1.79688
1.75781
1.75781
1.71875
1.71875
1.67969
1.64063
1.64063
1.60156
1.56250
1.56250
1.52344
1.48438
1.48438
1.48438
1.44531
1.40625
1.36719
1.32813
1.32813
1.28906
1.28906
1.25000
1.21094
1.17188
1.17188
1.13281
1.13281
1.09375
1.05469
1.01563
1.01563
0.97656
0.93750
0.93750
0.85938
0.85938
0.82031
0.78125
0.78125
0.74219
0.70313
0.70313
0.66406
0.58594
0.58594
0.54688
0.50781
0.46875
0.46875
0.42969
0.39063
0.39063
0.35156
0.31250
0.27344
0.27344
0.19531
0.19531
0.15625
0.11719
0.07813
0.03906
0.03906
0.00000
-0.03906
-0.07813
-0.11719
-0.15625
-0.15625
-0.19531
-0.23438
-0.23438
-0.27344
-0.31250
-0.35156
-0.39063
-0.39063
-0.42969
-0.46875
-0.50781
-0.54688
-0.54688
-0.58594
-0.62500
-0.66406
-0.66406
-0.74219
-0.74219
-0.74219
-0.78125
-0.82031
-0.85938
-0.89844
-0.89844
-0.93750
-1.01563
-1.01563
-1.05469
-1.05469
-1.09375
-1.13281
-1.13281
-1.17188
-1.21094
-1.25000
-1.25000
-1.28906
-1.28906
-1.32813
-1.32813
-1.40625
-1.40625
-1.44531
-1.48438
-1.52344
-1.48438
-1.52344
-1.56250
-1.56250
-1.60156
-1.64063
-1.64063
-1.67969
-1.67969
-1.71875
-1.75781
-1.75781
-1.79688
-1.79688
-1.83594
-1.87500
-1.87500
-1.91406
-1.91406
-1.91406
-1.95313
-1.95313
-1.99219
-1.99219
-2.03125
-2.03125
-2.07031
-2.10938
-2.10938
-2.10938
-2.10938
-2.14844
-2.14844
-2.18750
-2.18750
-2.18750
-2.22656
-2.26563
-2.22656
-2.26563
-2.26563
-2.30469
-2.30469
-2.30469
-2.30469
-2.30469
-2.34375
-2.38281
-2.38281
-2.38281
-2.38281
-2.38281
-2.42188
-2.42188
-2.42188
-2.42188
-2.42188
-2.42188
-2.42188
-2.46094
-2.46094
-2.46094
-2.46094
-2.46094
-2.46094
-2.46094
-2.50000
-2.50000
-2.50000
-2.46094
-2.50000
-2.50000
-2.50000
-2.50000
-2.50000
-2.50000
-2.50000
-2.50000
-2.50000
-2.50000
-2.46094
-2.46094
-2.46094
-2.46094
-2.46094
-2.46094
-2.46094
-2.46094
-2.46094
-2.42188
-2.42188
-2.42188
-2.42188
-2.38281
-2.38281
-2.38281
-2.34375
-2.38281
-2.38281
-2.34375
-2.34375
-2.30469
-2.30469
-2.30469
-2.30469
-2.26563
-2.26563
-2.22656
-2.22656
-2.22656
-2.22656
-2.18750
-2.18750
-2.18750
-2.14844
-2.14844
-2.10938
-2.10938
-2.10938
-2.07031
-2.03125
-2.03125
-2.03125
-1.99219
-1.99219
-1.95313
-1.91406
-1.91406
-1.91406
-1.87500
-1.87500
-1.83594
-1.83594
-1.79688
-1.79688
-1.75781
-1.75781
-1.71875
-1.67969
-1.67969
-1.67969
-1.60156
-1.60156
-1.56250
-1.56250
-1.52344
-1.48438
-1.48438
-1.44531
-1.40625
-1.40625
-1.36719
-1.32813
-1.32813
-1.28906
-1.25000
-1.25000
-1.21094
-1.17188
-1.17188
-1.13281
-1.09375
-1.09375
-1.05469
-0.97656
-0.97656
-0.93750
-0.93750
-0.89844
-0.85938
-0.85938
-0.82031
-0.78125
-0.74219
-0.70313
-0.70313
-0.66406
-0.62500
-0.62500
-0.58594
-0.54688
-0.50781
-0.46875
-0.42969
-0.42969
-0.39063
-0.35156
-0.31250
-0.31250
-0.27344
-0.23438
-0.19531
-0.15625
-0.11719
-0.11719
-0.07813
-0.03906
0.00000
0.00000
0.07813
0.07813
0.07813
0.11719
0.15625
0.19531
0.23438
0.27344
0.31250
0.31250
0.39063
0.39063
0.42969
0.46875
0.46875
0.50781
0.54688
0.58594
0.58594
0.62500
0.66406
0.70313
0.74219
0.74219
0.78125
0.82031
0.85938
0.85938
0.89844
0.93750
0.97656
1.01563
1.01563
1.05469
1.05469
1.09375
1.13281
1.13281
1.17188
1.21094
1.25000
1.25000
1.28906
1.32813
1.32813
1.36719
1.40625
1.44531
1.44531
1.48438
1.48438
1.52344
1.56250
1.56250
1.60156
1.60156
1.64063
1.67969
1.71875
1.71875
1.75781
1.75781
1.79688
1.79688
1.83594
1.87500
1.87500
1.91406
1.91406
1.95313
1.95313
1.95313
1.99219
1.99219
2.03125
2.07031
2.07031
2.10938
2.10938
2.14844
2.10938
2.14844
2.18750
2.18750
2.18750
2.18750
2.22656
2.26563
2.22656
2.26563
2.26563
2.26563
2.26563
2.30469
2.30469
2.34375
2.38281
2.34375
2.38281
2.38281
2.38281
2.38281
2.38281
2.42188
2.42188
2.42188
2.46094
2.42188
2.46094
2.46094
2.46094
2.46094
2.46094
2.46094
2.46094
2.46094
2.50000
2.46094
2.46094
2.46094
2.46094
2.50000
2.50000
2.50000
2.46094
2.50000
2.50000
2.50000
2.46094
2.46094
2.46094
2.46094
2.46094
2.46094
2.46094
2.46094
2.46094
2.46094
2.46094
2.46094
2.46094
2.46094
2.42188
2.42188
2.42188
2.38281
2.38281
2.38281
2.38281
2.38281
2.34375
2.34375
2.34375
2.34375
2.34375
2.30469
2.30469
2.26563
2.26563
2.26563
2.22656
2.22656
2.18750
2.18750
2.18750
2.18750
2.14844
2.14844
2.10938
2.10938
2.07031
2.07031
2.03125
2.03125
2.03125
1.99219
1.99219
1.95313
1.91406
1.91406
1.91406
1.87500
1.83594
1.83594
1.83594
1.79688
1.79688
1.75781
1.71875
1.71875
1.67969
1.64063
1.60156
1.60156
1.60156
1.56250
1.52344
1.48438
1.48438
1.44531
1.44531
1.40625
1.36719
1.36719
1.32813
1.28906
1.28906
1.25000
1.21094
1.21094
1.17188
1.13281
1.09375
1.05469
1.05469
1.01563
1.01563
0.97656
0.93750
0.89844
0.89844
0.82031
0.82031
0.82031
0.74219
0.74219
0.70313
0.66406
0.66406
0.62500
0.58594
0.54688
0.50781
0.50781
0.46875
0.42969
0.39063
0.39063
0.31250
0.31250
0.27344
0.23438
0.23438
0.19531
0.15625
0.11719
0.07813
0.07813
0.03906
0.00000
0.00000
-0.07813
-0.07813
-0.11719
-0.11719
-0.19531
-0.23438
-0.27344
-0.31250
-0.31250
-0.35156
-0.39063
-0.42969
-0.42969
-0.46875
-0.50781
-0.50781
-0.54688
-0.58594
-0.62500
-0.62500
-0.66406
-0.70313
-0.74219
-0.78125
-0.82031
-0.85938
-0.85938
-0.85938
-0.93750
-0.93750
-0.97656
-1.01563
-1.05469
-1.09375
-1.09375
-1.13281
-1.17188
-1.17188
-1.21094
-1.21094
-1.25000
-1.28906
-1.32813
-1.32813
-1.36719
-1.36719
-1.40625
-1.44531
-1.44531
-1.48438
-1.52344
-1.52344
-1.56250
-1.56250
-1.60156
-1.64063
-1.64063
-1.67969
-1.71875
-1.71875
-1.75781
-1.75781
-1.79688
-1.83594
-1.83594
-1.87500
-1.87500
-1.91406
-1.91406
-1.91406
-1.95313
-1.99219
-1.99219
-1.99219
-2.03125
-2.03125
-2.07031
-2.10938
-2.10938
-2.10938
-2.14844
-2.14844
-2.14844
-2.18750
-2.18750
-2.22656
-2.22656
-2.22656
-2.26563
-2.26563
-2.26563
-2.30469
-2.30469
-2.30469
-2.34375
-2.30469
-2.34375
-2.34375
-2.38281
-2.38281
-2.38281
-2.38281
-2.38281
-2.42188
-2.42188
-2.42188
-2.42188
-2.46094
-2.46094
-2.42188
-2.46094
-2.46094
-2.46094
-2.46094
-2.46094
-2.50000
-2.50000
-2.50000
-2.50000
-2.50000
-2.50000
-2.50000
-2.50000
-2.50000
-2.50000
-2.46094
-2.50000
-2.50000
-2.50000
-2.50000
-2.46094
-2.46094
-2.46094
-2.46094
-2.46094
-2.46094
-2.46094
-2.42188
-2.46094
-2.42188
-2.42188
-2.42188
-2.42188
-2.42188
-2.42188
-2.38281
-2.38281
-2.38281
-2.34375
-2.34375
-2.34375
-2.30469
-2.30469
-2.30469
-2.30469
-2.30469
-2.30469
-2.26563
-2.22656
-2.22656
-2.22656
-2.18750
-2.18750
-2.14844
-2.14844
-2.14844
-2.10938
-2.10938
-2.07031
-2.07031
-2.07031
-2.03125
-1.99219
-1.99219
-1.99219
-1.91406
-1.91406
-1.91406
-1.91406
-1.91406
-1.87500
-1.83594
-1.79688
-1.79688
-1.75781
-1.75781
-1.71875
-1.71875
-1.67969
-1.64063
-1.64063
-1.60156
-1.60156
-1.56250
-1.52344
-1.52344
-1.48438
-1.48438
-1.44531
-1.40625
-1.40625
-1.36719
-1.32813
-1.32813
-1.25000
-1.25000
-1.25000
-1.21094
-1.17188
-1.17188
-1.13281
-1.09375
-1.05469
-1.05469
-0.97656
-0.97656
-0.93750
-0.93750
-0.89844
-0.85938
-0.85938
-0.78125
-0.78125
-0.74219
-0.74219
-0.66406
-0.66406
-0.66406
-0.62500
-0.54688
-0.54688
-0.54688
-0.46875
-0.42969
-0.42969
-0.39063
-0.35156
-0.31250
-0.31250
-0.27344
-0.23438
-0.19531
-0.15625
-0.11719
-0.11719
-0.07813
-0.03906
0.00000
0.03906
0.03906
0.07813
0.11719
0.15625
0.15625
0.19531
0.23438
0.27344
0.31250
0.35156
0.35156
0.39063
0.42969
0.46875
0.46875
0.50781
0.54688
0.58594
0.62500
0.62500
0.66406
0.70313
0.74219
0.74219
0.78125
0.82031
0.85938
0.89844
0.89844
0.93750
0.97656
0.97656
1.01563
1.05469
1.09375
1.09375
1.13281
1.17188
1.17188
1.21094
1.25000
1.28906
1.28906
1.32813
1.36719
1.36719
1.40625
1.44531
1.44531
1.48438
1.52344
1.52344
1.56250
1.56250
1.60156
1.64063
1.64063
1.64063
1.71875
1.71875
1.75781
1.75781
1.75781
1.79688
1.83594
1.83594
1.87500
1.87500
1.91406
1.95313
1.95313
1.95313
1.99219
2.03125
2.03125
2.03125
2.07031
2.10938
2.10938
2.10938
2.10938
2.14844
2.18750
2.18750
2.18750
2.22656
2.18750
2.22656
2.26563
2.26563
2.30469
2.26563
2.30469
2.30469
2.30469
2.34375
2.34375
2.38281
2.38281
2.38281
2.38281
2.38281
2.38281
2.42188
2.42188
2.46094
2.42188
2.42188
2.46094
2.46094
2.46094
2.46094
2.46094
2.46094
2.46094
2.46094
2.46094
2.46094
2.50000
2.50000
2.50000
2.50000
2.50000
2.50000
2.46094
2.50000
2.46094
2.50000
2.50000
2.50000
2.46094
2.46094
2.46094
2.46094
2.46094
2.46094
2.46094
2.46094
2.46094
2.46094
2.46094
2.42188
2.42188
2.42188
2.42188
2.42188
2.38281
2.38281
2.38281
2.38281
2.34375
2.34375
2.34375
2.34375
2.30469
2.30469
2.30469
2.26563
2.26563
2.22656
2.22656
2.22656
2.18750
2.18750
2.18750
2.18750
2.18750
2.14844
2.14844
2.10938
2.10938
2.07031
2.07031
2.03125
2.03125
1.99219
1.99219
1.95313
1.95313
1.95313
1.91406
1.87500
1.83594
1.83594
1.83594
1.75781
1.75781
1.75781
1.71875
1.67969
1.67969
1.64063
1.64063
1.60156
1.56250
1.56250
1.52344
1.52344
1.48438
1.44531
1.44531
1.40625
1.36719
1.36719
1.32813
1.28906
1.28906
1.25000
1.21094
1.17188
1.13281
1.13281
1.13281
1.09375
1.05469
1.01563
1.01563
0.97656
0.93750
0.89844
0.89844
0.85938
0.82031
0.82031
0.78125
0.74219
0.70313
0.66406
0.66406
0.62500
0.58594
0.54688
0.50781
0.50781
0.46875
0.46875
0.39063
0.35156
0.35156
0.31250
0.27344
0.23438
0.19531
0.19531
0.15625
0.11719
0.07813
0.07813
0.00000
0.00000
-0.03906
-0.07813
-0.11719
-0.11719
-0.15625
-0.19531
-0.23438
-0.23438
-0.27344
-0.31250
-0.35156
-0.39063
-0.42969
-0.42969
-0.50781
-0.50781
-0.54688
-0.54688
-0.58594
-0.62500
-0.62500
-0.66406
-0.70313
-0.74219
-0.74219
-0.78125
-0.85938
-0.85938
-0.89844
-0.93750
-0.93750
-0.97656
-1.01563
-1.05469
-1.05469
-1.09375
-1.13281
-1.17188
-1.17188
-1.21094
-1.25000
-1.25000
-1.28906
-1.32813
-1.32813
-1.36719
-1.40625
-1.40625
-1.40625
-1.48438
-1.52344
-1.52344
-1.56250
-1.56250
-1.56250
-1.60156
-1.64063
-1.67969
-1.67969
-1.71875
-1.71875
-1.71875
-1.75781
-1.79688
-1.79688
-1.83594
-1.87500
-1.87500
-1.91406
-1.91406
-1.95313
-1.95313
-1.95313
-1.99219
-1.99219
-2.03125
-2.03125
-2.07031
-2.10938
-2.10938
-2.10938
-2.10938
-2.14844
-2.18750
-2.18750
-2.18750
-2.22656
-2.22656
-2.22656
-2.26563
-2.26563
-2.26563
-2.30469
-2.30469
-2.30469
-2.30469
-2.34375
-2.34375
-2.34375
-2.38281
-2.38281
-2.38281
-2.38281
-2.42188
-2.42188
-2.42188
-2.42188
-2.46094
-2.42188
-2.42188
-2.46094
-2.46094
-2.42188
-2.46094
-2.46094
-2.50000
-2.46094
-2.50000
-2.50000
-2.50000
-2.46094
-2.50000
-2.46094
-2.50000
-2.50000
-2.46094
-2.50000
-2.46094
-2.50000
-2.50000
-2.46094
-2.46094
-2.46094
-2.46094
-2.46094
-2.46094
-2.46094
-2.46094
-2.46094
-2.46094
-2.42188
-2.42188
-2.42188
-2.42188
-2.38281
-2.38281
-2.38281
-2.38281
-2.38281
-2.34375
-2.34375
-2.34375
-2.34375
-2.30469
-2.30469
-2.30469
-2.26563
-2.26563
-2.26563
-2.22656
-2.22656
-2.18750
-2.18750
-2.18750
-2.18750
-2.14844
-2.10938
-2.10938
-2.10938
-2.07031
-2.07031
-2.03125
-2.03125
-1.99219
-1.99219
-1.99219
-1.95313
-1.95313
-1.91406
-1.91406
-1.87500
-1.87500
-1.83594
-1.83594
-1.79688
-1.75781
-1.75781
-1.71875
-1.71875
-1.67969
-1.64063
-1.64063
-1.60156
-1.56250
-1.56250
-1.56250
-1.52344
-1.48438
-1.48438
-1.44531
-1.40625
-1.36719
-1.36719
-1.32813
-1.28906
-1.28906
-1.25000
-1.25000
-1.21094
-1.17188
-1.13281
-1.13281
-1.09375
-1.05469
-1.05469
-1.01563
-0.97656
-0.93750
-0.89844
-0.89844
-0.89844
-0.85938
-0.82031
-0.78125
-0.74219
-0.74219
-0.66406
-0.66406
-0.62500
-0.58594
-0.58594
-0.54688
-0.50781
-0.50781
-0.42969
-0.42969
-0.39063
-0.35156
-0.31250
-0.27344
-0.27344
-0.23438
-0.19531
-0.15625
-0.11719
-0.11719
-0.03906
-0.03906
0.00000
0.00000
0.07813
0.07813
0.07813
0.15625
0.15625
0.23438
0.23438
0.27344
0.31250
0.31250
0.35156
0.39063
0.42969
0.46875
0.50781
0.50781
0.54688
0.58594
0.62500
0.62500
0.66406
0.70313
0.74219
0.74219
0.78125
0.78125
0.85938
0.85938
0.89844
0.93750
0.97656
0.97656
1.01563
1.05469
1.09375
1.09375
1.13281
1.17188
1.17188
1.21094
1.25000
1.25000
1.28906
1.32813
1.32813
1.36719
1.40625
1.44531
1.44531
1.48438
1.48438
1.52344
1.52344
1.56250
1.60156
1.60156
1.64063
1.67969
1.67969
1.71875
1.75781
1.75781
1.79688
1.79688
1.83594
1.87500
1.87500
1.91406
1.91406
1.95313
1.95313
1.95313
1.99219
1.99219
2.03125
2.03125
2.07031
2.07031
2.10938
2.10938
2.14844
2.18750
2.18750
2.18750
2.18750
2.22656
2.22656
2.26563
2.26563
2.26563
2.26563
2.30469
2.30469
2.34375
2.34375
2.34375
2.34375
2.38281
2.38281
2.38281
2.38281
2.38281
2.42188
2.38281
2.42188
2.42188
2.42188
2.42188
2.46094
2.46094
2.46094
2.46094
2.46094
2.46094
2.46094
2.46094
2.46094
2.46094
2.50000
2.50000
2.50000
2.50000
2.50000
2.50000
2.50000
2.46094
2.50000
2.46094
2.50000
2.46094
2.50000
2.50000
2.46094
2.50000
2.46094
2.46094
2.46094
2.46094
2.46094
2.46094
2.46094
2.42188
2.42188
2.42188
2.42188
2.42188
2.42188
2.38281
2.38281
2.38281
2.38281
2.34375
2.34375
2.30469
2.30469
2.30469
2.30469
2.26563
2.26563
2.26563
2.26563
2.22656
2.22656
2.18750
2.18750
2.14844
2.14844
2.14844
2.10938
2.10938
2.07031
2.07031
2.03125
2.03125
2.03125
2.03125
1.99219
1.95313
1.95313
1.91406
1.87500
1.87500
1.87500
1.83594
1.79688
1.79688
1.75781
1.75781
1.71875
1.67969
1.67969
1.64063
1.64063
1.60156
1.60156
1.56250
1.52344
1.48438
1.48438
1.44531
1.44531
1.40625
1.40625
1.36719
1.32813
1.28906
1.25000
1.25000
1.21094
1.17188
1.17188
1.13281
1.09375
1.09375
1.05469
1.01563
0.97656
0.97656
0.93750
0.89844
0.89844
0.85938
0.82031
0.78125
0.78125
0.74219
0.70313
0.66406
0.62500
0.58594
0.58594
0.54688
0.50781
0.50781
0.46875
0.42969
0.39063
0.39063
0.31250
0.31250
0.27344
0.23438
0.19531
0.19531
0.15625
0.11719
0.07813
0.07813
0.03906
0.00000
-0.03906
-0.07813
-0.11719
-0.11719
-0.15625
-0.19531
-0.23438
-0.27344
-0.27344
-0.31250
-0.35156
-0.39063
-0.42969
-0.42969
-0.46875
-0.50781
-0.54688
-0.58594
-0.58594
-0.62500
-0.66406
-0.70313
-0.70313
-0.74219
-0.78125
-0.82031
-0.85938
-0.85938
-0.89844
-0.93750
-0.93750
-0.97656
-1.01563
-1.05469
-1.05469
-1.09375
-1.09375
-1.17188
-1.17188
-1.21094
-1.25000
-1.25000
-1.25000
-1.32813
-1.32813
-1.36719
-1.40625
-1.40625
-1.44531
-1.44531
-1.48438
-1.52344
-1.52344
-1.56250
-1.56250
-1.60156
-1.64063
-1.67969
-1.67969
-1.71875
-1.75781
-1.75781
-1.79688
-1.79688
-1.83594
-1.83594
-1.83594
-1.87500
-1.91406
-1.91406
-1.95313
-1.95313
-1.95313
-1.99219
-1.99219
-2.03125
-2.03125
-2.07031
-2.07031
-2.10938
-2.10938
-2.14844
-2.14844
-2.18750
-2.18750
-2.18750
-2.22656
-2.22656
-2.22656
-2.26563
-2.26563
-2.26563
-2.30469
-2.30469
-2.30469
-2.30469
-2.34375
-2.34375
-2.38281
-2.38281
-2.38281
-2.38281
-2.42188
-2.42188
-2.42188
-2.42188
-2.42188
-2.42188
-2.42188
-2.42188
-2.46094
-2.42188
-2.46094
-2.46094
-2.50000
-2.46094
-2.46094
-2.46094
-2.46094
-2.50000
-2.46094
-2.46094
-2.50000
-2.50000
-2.50000
-2.46094
-2.46094
-2.46094
-2.46094
-2.50000
-2.50000
-2.50000
-2.46094
-2.50000
-2.46094
-2.46094
-2.46094
-2.46094
-2.42188
-2.42188
-2.42188
-2.42188
-2.42188
-2.38281
-2.42188
-2.38281
-2.38281
-2.38281
-2.38281
-2.38281
-2.38281
-2.34375
-2.34375
-2.34375
-2.30469
-2.30469
-2.26563
-2.26563
-2.22656
-2.22656
-2.22656
-2.22656
-2.18750
-2.18750
-2.18750
-2.14844
-2.10938
-2.10938
-2.10938
-2.07031
-2.07031
-2.07031
-2.03125
-2.03125
-1.99219
-1.95313
-1.95313
-1.91406
-1.91406
-1.91406
-1.87500
-1.87500
-1.83594
-1.79688
-1.79688
-1.79688
-1.75781
-1.75781
-1.71875
-1.67969
-1.67969
-1.64063
-1.60156
-1.60156
-1.56250
-1.52344
-1.52344
-1.48438
-1.48438
-1.44531
-1.40625
-1.36719
-1.36719
-1.32813
-1.32813
-1.28906
-1.25000
-1.25000
-1.21094
-1.17188
-1.17188
-1.13281
-1.09375
-1.05469
-1.05469
-1.01563
-0.97656
-0.93750
-0.93750
-0.89844
-0.85938
-0.85938
-0.82031
-0.78125
-0.74219
-0.74219
-0.70313
-0.62500
-0.62500
-0.58594
-0.58594
-0.54688
-0.50781
-0.50781
-0.42969
-0.42969
-0.42969
-0.35156
-0.31250
-0.27344
-0.27344
-0.23438
-0.19531
-0.15625
-0.11719
-0.11719
-0.07813
-0.03906
0.00000
0.03906
0.07813
0.07813
0.11719
0.11719
0.19531
0.23438
0.23438
0.27344
0.31250
0.35156
0.35156
0.39063
0.42969
0.46875
0.50781
0.50781
0.54688
0.58594
0.62500
0.66406
0.66406
0.70313
0.74219
0.78125
0.82031
0.82031
0.82031
0.85938
0.93750
0.93750
0.97656
1.01563
1.01563
1.05469
1.09375
1.09375
1.13281
1.17188
1.17188
1.21094
1.25000
1.25000
1.28906
1.32813
1.32813
1.36719
1.40625
1.44531
1.48438
1.48438
1.48438
1.56250
1.56250
1.56250
1.60156
1.60156
1.64063
1.67969
1.67969
1.71875
1.75781
1.75781
1.79688
1.79688
1.83594
1.87500
1.87500
1.87500
1.91406
1.95313
1.95313
1.99219
1.99219
1.99219
2.03125
2.07031
2.07031
2.10938
2.10938
2.10938
2.14844
2.18750
2.18750
2.18750
2.18750
2.18750
2.22656
2.22656
2.26563
2.26563
2.26563
2.26563
2.30469
2.30469
2.30469
2.34375
2.34375
2.34375
2.38281
2.38281
2.38281
2.38281
2.42188
2.42188
2.42188
2.42188
2.46094
2.46094
2.46094
2.46094
2.46094
2.46094
2.46094
2.46094
2.46094
2.46094
2.46094
2.46094
2.50000
2.50000
2.46094
2.46094
2.50000
2.50000
2.50000
2.50000
2.50000
2.50000
2.50000
2.46094
2.50000
2.46094
2.46094
2.46094
2.46094
2.46094
2.46094
2.46094
2.46094
2.46094
2.46094
2.42188
2.42188
2.42188
2.42188
2.42188
2.38281
2.38281
2.38281
2.38281
2.38281
2.34375
2.34375
2.34375
2.30469
2.30469
2.30469
2.26563
2.26563
2.26563
2.22656
2.22656
2.22656
2.18750
2.18750
2.18750
2.14844
2.14844
2.14844
2.10938
2.07031
2.07031
2.07031
2.03125
1.99219
1.99219
1.99219
1.95313
1.91406
1.91406
1.87500
1.87500
1.87500
1.83594
1.79688
1.79688
1.75781
1.71875
1.71875
1.67969
1.67969
1.64063
1.64063
1.60156
1.60156
1.56250
1.56250
1.52344
1.48438
1.44531
1.44531
1.40625
1.40625
1.32813
1.32813
1.28906
1.25000
1.25000
1.21094
1.17188
1.17188
1.13281
1.13281
1.09375
1.05469
1.01563
1.01563
0.97656
0.93750
0.93750
0.89844
0.85938
0.82031
0.78125
0.78125
0.74219
0.70313
0.66406