
-108.13934
-106.84009
-105.59842
-104.64171
-103.28106
-101.89838
-100.17017
-97.85031
-95.83549
-94.55836
-93.17281
-90.90684
-89.09697
-87.10002
-85.42099
-84.25391
-83.02821
-82.11427
-80.79136
-79.07798
-77.71467
-75.99802
-74.23780
-72.70997
-71.00354
-68.91132
-66.50387
-63.86141
-61.62953
-59.30981
-56.99851
-55.21814
-53.12292
-51.20017
-49.31109
-46.76511
-44.54047
-42.68989
-39.96637
-38.23773
-36.19352
-33.83986
-32.28332
-29.82401
-27.05891
-24.97770
-23.28162
-21.09145
-19.49847
-16.93314
-13.90152
-12.21328
-9.51906
-6.94823
-5.22076
-2.85421
-0.27763
1.84847
3.93364
5.82199
7.61726
10.47208
12.83606
15.42227
17.85072
19.46857
22.24684
24.67787
26.87918
28.88272
31.04422
32.67734
34.87348
36.65752
39.05421
41.53333
42.73614
44.54283
46.53957
49.41135
51.39073
53.18395
55.20973
57.27575
59.16898
61.35056
63.47596
65.69949
68.59080
69.82241
71.88084
74.30490
76.18982
77.76211
79.50428
81.65646
84.26670
85.67571
86.76253
88.78069
90.37419
91.55832
93.43645
95.12262
96.88270
97.63714
99.02584
100.91535
102.76724
103.92805
105.72128
107.29869
107.87004
109.29440
110.54587
112.45020
113.40216
114.83928
116.27216
117.67503
118.37502
119.62026
121.60095
122.76630
123.52453
123.67095
124.01979
124.66340
124.91589
126.01832
126.79599
127.36580
127.47644
127.36495
128.29038
129.53395
130.85334
131.00501
131.46705
131.71861
131.80429
132.25879
132.73553
133.18220
133.47696
133.48835
132.93933
133.07420
132.66223
132.79318
133.13553
132.95530
132.77209
132.85866
132.81929
132.27080
131.95768
131.81041
132.01352
131.17192
130.55747
130.54178
129.97648
129.24629
128.29928
127.60614
126.76666
125.59601
124.25763
123.72956
123.32820
122.21397
120.96206
119.78609
118.86274
118.44928
117.77570
117.70197
117.18310
115.83297
114.19265
112.83082
111.76291
110.76638
109.01372
107.63331
106.50040
104.76230
103.70362
102.77576
101.23918
99.50681
98.38175
97.00833
95.78949
94.29501
92.43520
90.55608
88.12347
85.73974
84.29134
82.72516
80.75893
78.63828
77.04716
74.85191
73.12640
71.05644
69.47370
67.31261
65.02504
62.78016
60.53593
58.65012
56.89258
54.58288
52.64888
50.52764
48.55451
46.88295
45.39479
43.07369
40.74746
38.88613
36.06602
34.40839
32.53181
30.96521
28.49055
26.30740
23.93639
22.53713
21.29292
19.13495
17.33753
14.81290
12.18763
9.22302
6.63009
4.04057
1.16326
-1.45643
-4.35262
-7.10262
-9.53115
-11.48004
-13.67695
-15.41474
-17.28942
-19.35477
-21.59263
-23.88452
-26.09812
-28.07179
-30.48960
-33.19758
-35.63458
-38.29114
-40.06449
-42.14204
-44.25048
-46.14442
-48.91229
-50.95374
-53.50550
-55.15319
-57.18305
-59.16295
-61.61393
-63.79660
-65.72860
-67.74717
-69.31485
-71.78851
-73.04624
-75.12873
-77.21281
-78.73185
-80.46595
-81.84437
-83.63191
-85.43332
-87.06047
-88.10508
-90.12766
-91.96172
-93.12754
-94.98330
-96.25787
-98.22326
-99.17909
-100.36808
-101.96920
-104.01156
-105.14672
-106.42070
-108.27798
-109.66654
-111.08935
-112.45804
-114.15817
-115.56995
-116.51107
-116.92114
-118.15875
-119.53516
-120.50269
-121.67421
-122.66894
-123.16832
-124.00039
-124.66304
-125.28928
-126.43093
-127.46913
-128.19225
-128.75112
-129.26498
-129.79172
-130.46163
-130.86727
-131.82732
-132.07774
-132.18026
-131.78065
-131.91067
-131.75101
-131.84212
-132.41380
-132.65143
-132.93807
-132.49526
-133.44415
-133.63898
-134.02930
-133.53405
-133.82610
-133.60872
-132.82490
-132.77996
-132.36569
-132.35246
-131.60834
-131.74853
-131.91544
-131.40719
-130.50607
-130.46473
-130.37497
-128.84487
-128.28472
-127.04551
-126.60191
-125.56027
-124.16791
-123.94344
-123.86657
-122.50679
-121.20370
-120.89028
-119.51655
-119.05211
-117.19756
-116.23876
-115.11085
-113.10007
-111.98577
-110.26579
-109.31175
-108.13137
-107.38068
-106.43068
-104.90515
-103.20282
-101.68042
-100.54907
-98.49565
-97.19112
-95.69721
-93.91904
-91.83224
-89.26559
-88.34724
-86.31957
-85.07123
-84.02613
-82.01009
-80.53532
-78.93447
-77.49539
-75.88943
-74.63369
-72.56428
-70.64205
-68.25824
-65.72042
-64.35882
-62.02340
-59.61247
-56.84025
-54.45963
-52.14083
-49.42947
-47.40325
-44.76459
-43.04925
-40.38898
-38.19361
-36.56652
-33.96893
-31.80409
-30.15331
-28.33603
-26.60832
-24.87951
-22.22716
-20.29584
-17.97949
-15.05149
-13.17589
-11.12396
-8.29015
-5.94111
-3.14357
-0.93626
1.08083
3.60728
5.52576
7.43627
9.15604
11.22644
13.15556
14.87033
17.20094
19.11650
21.05603
23.48045
25.91766
28.08803
30.49281
33.19473
35.31186
37.70824
39.59838
42.19542
44.82786
46.91124
48.97914
51.17116
53.24487
54.96640
57.44570
59.56360
62.05003
63.68137
65.87220
67.51779
69.35325
71.02250
73.22550
75.10040
76.92880
79.54523
81.19384
83.28227
84.55267
86.05971
87.89546
89.63204
90.94852
92.83338
94.05769
95.16788
96.14178
97.88441
99.86941
101.85799
103.25803
104.74677
106.60933
108.15845
110.00417
111.34329
112.90150
114.01651
115.29804
116.12458
117.01163
118.18537
119.09351
119.77812
120.33788
120.99762
122.40156
123.01009
123.95134
125.01979
125.89316
127.07423
127.93514
128.14495
129.17996
129.84747
129.74464
130.81519
131.05169
131.58962
131.81868
131.85662
132.05574
132.42686
132.52032
132.77394
133.14088
133.29111
133.81944
133.72853
134.37273
134.28772
133.75439
133.79494
133.73245
133.41527
133.00568
132.12836
131.43260
131.01675
129.91558
129.48490
129.19886
128.94082
128.46964
127.98172
127.60717
127.43039
126.79131
126.19360
125.96272
125.09482
124.30034
123.21987
122.12393
120.84451
119.97153
119.01128
118.05330
117.24491
116.45042
115.50796
114.82213
113.72454
112.69978
111.87912
110.51485
109.18990
107.34609
105.47631
103.50691
101.91410
100.19511
98.35737
96.64937
95.00768
93.71734
91.55930
89.81639
88.70280
87.25681
86.23678
84.11982
82.51474
80.47922
78.53169
75.87670
73.94891
72.25696
70.17640
68.05810
66.04770
64.20036
62.28417
60.24889
58.04127
56.85920
55.07958
53.30288
50.96056
48.73225
46.59112
44.53329
42.26588
40.48483
38.46472
35.71934
33.64987
31.06053
28.78893
26.72366
24.24676
22.35157
19.99521
17.64084
15.32132
13.18152
10.48991
8.87967
6.45975
3.73008
1.58849
-0.93374
-3.24719
-5.40736
-7.47065
-9.63212
-11.85076
-14.55069
-16.93922
-19.13171
-22.06311
-24.34360
-26.53083
-28.29076
-30.49621
-32.52062
-34.42522
-36.75170
-38.81893
-41.04646
-42.70954
-45.55904
-47.07477
-50.09671
-52.40469
-54.28118
-56.52585
-58.13623
-59.51238
-61.21516
-62.85687
-64.32732
-66.55732
-67.85738
-69.63523
-71.61942
-73.07513
-75.18378
-77.69264
-79.39472
-81.47009
-83.28912
-84.48469
-86.85522
-88.24363
-90.41134
-92.61847
-94.05444
-94.83715
-96.77462
-98.01103
-99.45754
-101.29467
-102.15320
-103.49203
-104.90852
-105.79087
-107.93712
-109.81999
-111.21731
-113.03145
-113.99774
-115.26846
-117.31180
-118.49010
-119.63304
-121.14163
-121.26935
-122.10944
-122.25153
-123.52921
-125.04002
-126.35125
-126.37476
-127.14732
-127.50346
-127.85438
-128.22281
-128.81043
-129.15080
-129.28598
-129.01035
-128.92769
-129.70421
-130.47419
-131.29966
-131.71572
-132.57138
-132.47024
-133.33675
-133.42979
-133.42413
-133.62568
-133.41966
-133.19217
-133.18169
-133.49920
-133.70023
-134.09951
-133.82269
-133.68057
-134.19206
-133.74383
-133.33410
-132.64553
-131.71218
-130.59256
-129.65200
-128.58245
-128.02980
-127.95209
-127.15078
-126.49752
-126.17682
-125.79425
-124.85022
-124.15707
-123.56207
-122.97443
-122.05252
-120.44554
-119.15449
-118.03939
-116.22955
-115.19275
-114.54093
-113.26329
-112.22470
-111.26164
-109.75333
-108.22176
-107.26452
-105.83591
-105.06626
-103.52939
-101.72333
-100.19652
-98.50118
-97.08691
-95.40742
-93.63890
-91.88752
-90.48968
-88.15623
-86.27063
-84.38788
-82.48885
-80.24694
-77.64631
-76.19829
-74.47612
-72.28680
-70.12067
-68.59805
-67.35692
-65.73163
-63.36239
-61.59685
-59.61542
-57.24837
-55.63073
-53.28563
-50.93819
-48.58514
-45.93537
-43.68095
-41.91434
-39.78354
-38.31376
-36.33674
-34.50411
-32.44026
-30.67298
-28.53041
-26.39470
-23.55696
-21.36845
-18.85623
-16.55667
-14.36115
-12.03233
-9.57886
-7.75846
-5.83164
-3.13654
-1.42190
1.01046
3.46677
5.52367
8.11768
11.28504
13.62681
15.92558
18.15243
20.30830
22.88065
24.79930
26.67527
29.94359
32.01391
34.18918
36.59255
39.66946
41.50399
43.21033
45.05787
47.51744
49.63533
50.77985
52.57724
54.42309
56.27671
57.87644
60.54380
62.74874
64.55099
65.96534
67.65120
70.20206
72.37312
74.24140
75.51488
77.82481
79.35130
81.66300
83.64885
85.25869
87.34825
88.84128
90.66761
91.85808
93.49818
94.90234
96.75324
98.22366
100.14933
101.85255
102.99706
105.05465
106.33026
108.30884
110.05540
111.64143
113.13033
114.30591
115.52933
116.61975
117.95076
118.95070
119.95578
120.71572
121.80517
122.78343
123.70418
124.15994
124.90723
125.98795
126.62810
126.47476
127.19002
127.93748
128.41533
128.33781
128.52719
128.81570
128.86471
129.43600
130.54707
131.79332
132.31653
132.51813
132.70232
133.56165
133.68699
134.42664
134.86567
134.66769
134.32481
134.41356
134.46682
134.31246
134.08843
133.44448
133.25105
133.05196
132.59037
132.09647
131.56015
130.18371
129.47474
129.03797
128.85169
128.08247
127.69550
126.82858
126.22229
125.98938
124.96693
124.17365
123.54550
123.19694
122.12916
121.38328
120.58770
119.66172
118.59488
117.67264
117.30051
116.48662
114.82797
113.06630
111.89494
110.52226
109.08469
107.54794
105.95360
104.30247
102.40897
101.69983
100.13045
98.61167
97.12115
96.19199
94.74169
92.92494
91.69164
90.16190
88.28158
85.65216
84.97386
83.40559
81.83596
79.39683
77.48938
76.16445
74.21630
71.81802
70.55434
69.09742
66.15818
64.34280
62.36496
60.39610
58.49734
55.91509
53.94674
52.46678
50.01670
47.92628
46.13444
43.92849
41.19248
39.34235
37.24879
35.18459
32.63748
30.02976
27.82424
25.61076
23.46177
21.45267
19.22200
16.93752
14.87512
12.39558
10.04330
8.03418
5.36272
3.44108
1.75094
-0.93889
-2.75455
-5.00558
-8.10276
-9.51217
-11.81222
-14.17868
-15.91865
-18.69439
-21.38827
-23.46967
-25.75828
-28.31647
-29.74646
-32.55788
-34.11436
-35.99181
-38.58899
-40.85705
-42.99327
-45.53063
-47.97526
-49.75880
-51.80589
-53.42253
-55.73062
-57.67206
-59.80401
-62.15301
-64.30512
-66.03530
-67.76435
-69.95503
-72.47638
-74.85081
-76.71506
-78.51266