
75.95888
76.20697
76.51068
76.73928
76.84626
77.29601
77.68474
77.88043
77.96677
77.86495
78.28052
78.58903
78.90525
79.07222
79.30645
79.15554
78.91077
78.57282
78.51625
78.81021
78.43762
78.38630
78.22497
77.99721
77.58115
77.37687
77.40523
77.22597
77.27955
77.02820
76.76206
76.48151
75.89705
75.91211
75.70460
75.58919
75.55248
75.29320
74.76059
74.27966
73.73867
73.17037
72.69466
71.81755
71.21838
70.54296
69.66536
69.07160
68.18018
67.11812
66.59954
65.86283
65.35836
64.34341
63.55554
62.90624
61.79051
60.82233
60.39015
59.60338
58.79105
57.77331
56.65878
56.17722
55.42840
54.33969
53.38189
52.45233
51.33490
50.13726
49.10381
48.42865
47.46342
46.32263
45.20196
44.16101
42.92190
41.76842
40.78843
40.20443
38.66550
37.09044
36.01382
34.54118
33.21443
31.87475
30.91524
29.67321
27.92389
26.40061
25.23503
23.88945
22.07061
20.85622
19.27418
17.79178
16.73185
15.39565
14.09804
12.84731
11.43303
10.13150
9.00374
7.84034
6.84562
5.80603
4.47362
3.12465
2.08275
0.67921
-0.46233
-1.59094
-2.57252
-4.21665
-5.67674
-6.94289
-8.20817
-9.45727
-10.63490
-12.32094
-13.73070
-15.18125
-17.00180
-18.12946
-19.37663
-20.99270
-22.53363
-23.68699
-25.18902
-26.07359
-27.25074
-28.15461
-29.01555
-30.34813
-31.65408
-32.63807
-33.82952
-35.08066
-36.10618
-37.00123
-38.00626
-39.04209
-39.95369
-41.03875
-41.98987
-43.30509
-44.57925
-45.82551
-47.23747
-48.31639
-49.27386
-50.35352
-51.17790
-52.21488
-53.17213
-53.97977
-54.64448
-55.39854
-56.00032
-56.83963
-57.56259
-58.75393
-59.88228
-60.16104
-60.66677
-61.10973
-61.72847
-62.27032
-62.75513
-63.69787
-64.41928
-64.68796
-65.26974
-66.06287
-66.88935
-67.60783
-68.01429
-68.34910
-68.99806
-69.02468
-69.55456
-69.69999
-70.03793
-70.02894
-70.21376
-70.58600
-70.98540
-71.46719
-71.88923
-72.24556
-72.36153
-72.84149
-73.34264
-73.81498
-74.11448
-73.88623
-73.97953
-74.02568
-73.70758
-73.71858
-73.65910
-73.63751
-72.95385
-72.94787
-72.80226
-72.76191
-72.27977
-71.91318
-71.86189
-71.62945
-71.31055
-70.74690
-70.60702
-70.19364
-69.72312
-69.56029
-69.33021
-68.85700
-68.04122
-67.61068
-67.13019
-66.70095
-65.99811
-65.39391
-64.85681
-64.25793
-63.62352
-62.81763
-62.25369
-61.78857
-61.06879
-60.72021
-60.30572
-59.55667
-58.78076
-57.36117
-56.55335
-55.98446
-55.28141
-54.07259
-53.30264
-51.76799
-50.82613
-49.49332
-48.67813
-48.00863
-46.95404
-46.08529
-45.21301
-43.91618
-42.67548
-42.08806
-40.83720
-40.02595
-38.51790
-37.44472
-36.43317
-35.15924
-34.16893
-33.22731
-31.89287
-30.65791
-29.40053
-28.40197
-27.35878
-26.37441
-25.38316
-23.98416
-22.42653
-21.33396
-20.54132
-19.18987
-18.10563
-16.54776
-15.18912
-13.81919
-12.32643
-11.11453
-9.44841
-8.03821
-6.35577
-5.11530
-3.74549
-2.22506
-0.80701
0.69451
2.29370
3.72721
4.60892
5.97804
7.09092
8.62356
9.67189
10.38829
11.59945
12.61137
13.77870
14.93551
16.31716
17.66693
19.12614
20.35452
21.86585
23.38315
24.65869
26.04630
27.27274
28.34426
29.46151
30.28043
31.49610
32.78780
34.02652
35.33859
36.47771
37.91647
38.98734
40.18907
41.39057
42.43939
43.57960
44.91052
46.32236
47.35006
48.54845
49.43957
50.65577
51.93437
52.98399
54.03172
55.21468
55.72611
56.09605
57.03883
57.58797
58.37937
59.25683
60.05212
61.04432
62.10259
62.31029
62.87350
63.90455
64.77890
65.88957
66.71810
67.32370
67.93724
68.50990
69.14478
69.70153
70.94175
71.56311
71.94068
72.49998
72.98786
73.30588
74.08722
74.42636
74.93890
75.52709
75.64134
76.15176
76.56933
76.64744
77.11408
77.85006
77.87559
78.38641
78.62176
78.93472
79.05983
78.90221
79.01346
79.26913
79.26943
79.10314
78.82243
78.54764
78.79648
78.93249
78.80320
79.13074
79.20814
78.71598
78.65537
78.32796
78.11581
78.00164
77.23344
77.04549
76.71870
76.04867
75.15859
75.00350
74.54933
74.43693
74.34346
73.71781
73.19356
72.78547
72.22690
71.70045
71.50403
70.88338
70.08590
69.41196
68.79405
68.22525
67.74897
66.96314
66.29450
65.42315
64.67122
64.27973
63.59556
62.28621
61.35860
60.83289
60.16784
58.81150
57.99312
57.27657
56.31699
55.24592
54.38515
53.81083
52.91669
51.91955
50.66106
49.68483
48.81431
47.76366
46.85932
45.46518
44.48576
43.37077
42.30840
41.05991
39.72295
38.82417
37.46236
36.17506
34.81546
33.73462
32.13863
30.82871
29.52362
27.91658
26.88539
25.61434
24.03256
22.88710
21.58224
20.27424
19.22893
17.85348
16.36340
15.23166
14.21753
12.98307
12.05406
10.75473
9.32222
7.99261
6.45112
5.31923
4.16950
2.77596
1.30201
-0.36862
-1.86567
-3.65094
-4.96368
-6.19648
-7.37189
-8.88473
-10.24886
-11.65694
-13.29097
-14.25304
-15.34454
-16.58507
-17.61378
-18.62578
-19.81545
-20.99406
-22.27686
-23.25282
-24.32751
-25.38491
-26.95243
-27.70941
-28.92526
-30.31380
-31.53741
-32.41357
-33.86356
-35.35218
-36.38027
-38.03206
-38.74334
-39.85170
-41.19717
-42.42010
-43.38411
-44.81481
-45.63791
-46.47007
-47.45132
-47.92615
-48.79932
-49.87031
-50.77918
-51.54369
-52.25762
-52.98481
-53.69398
-54.22196
-55.44269
-56.55722
-57.41795
-58.32334
-58.94538
-60.00142
-60.78607
-61.56462
-62.27673
-62.85951
-63.14064
-63.90965
-64.81390
-65.16171
-65.81779
-66.01973
-66.57559
-67.02533
-67.29644
-68.20700
-68.40791
-68.90927
-69.22116
-69.49924
-69.78443
-70.07312
-70.81470
-71.08873
-71.82154
-71.83115
-72.24097
-72.25182
-72.45932
-72.46218
-72.34928
-72.69829
-72.38785
-72.67884
-72.37647
-72.50131
-72.36185
-72.29186
-72.46974
-72.76404
-72.82033
-72.34771
-72.28444
-71.97712
-72.18820
-71.70444
-71.51741
-71.24498
-70.33648
-69.77657
-69.61534
-69.67277
-69.08277
-68.56657
-67.74670
-67.52324
-67.16200
-66.62238
-66.27146
-65.63785
-65.10077
-64.38370
-64.11672
-63.69430
-63.30971
-62.44847
-62.01115
-61.21188
-60.56135
-59.84486
-59.00744
-58.19436
-57.25727
-56.33166
-55.46509
-54.65594
-53.58386
-52.79827
-52.06385
-51.49832
-50.54619
-49.91725
-48.92178
-47.62791
-46.43474
-45.56864
-44.65581
-43.37006
-42.18469
-40.87552
-39.67347
-37.98377
-37.10678
-36.26118
-35.08740
-33.87673
-32.57376
-31.88979
-30.56505
-29.56658
-28.17875
-27.05502
-25.62125
-24.60824
-23.52164
-22.08343
-20.89505
-19.50067
-18.39469
-16.87460
-15.55376
-14.24230
-12.86252
-11.32528
-10.06619
-9.11988
-7.55271
-6.02748
-4.47868
-3.73209
-2.97576
-2.07837
-1.16436
-0.09915
1.53455
2.95129
3.86936
5.15335
6.18031
7.77660
9.53255
10.84539
12.41445
13.89707
14.90145
16.18776
17.64544
18.61395
19.70301
20.79475
22.20771
23.61468
24.91494
26.36184
27.97847
29.23637
30.38045
31.58597
33.39170
35.05273
35.91693
37.01235
37.98930
39.03031
40.08773
41.22279
42.52717
43.79808
44.60866
45.70033
46.80902
47.82381
48.87518
49.90107
50.65751
51.53160
52.59141
53.60451
54.57736
55.30013
56.08492
57.30538
58.23645
59.22597
60.19478
61.40204
62.22840
63.29722
64.36425
65.12604
66.31911
66.88093
67.58650
67.96929
68.84112
69.50437
69.85344
70.15778
70.39628
70.81813
71.16102
71.77517
72.48312
73.20525
73.54764
73.89066
74.56942
75.05028
75.62111
76.37330
76.60834
76.77580
77.03014
77.03876
77.04067
77.19198
77.38158
77.41962
77.60766
77.85992
78.06813
78.59667
78.69289
78.87481
79.03503
78.94916
78.75771
78.86272
78.69072
78.30546
78.27101
77.87216
77.46640
77.39949
77.20312
77.24807
77.07137
77.08175
77.09667
76.90508
76.60498
76.23821
76.13424
75.54098
75.08010
74.47967
73.97476
73.39894
72.53886
71.83795
71.10625
70.51737
69.79435
69.55548
69.01684
68.14117
67.70360
66.75851
66.33801
65.66190
64.69401
63.88935
63.15452
62.19902
61.31581
60.77115
59.78466
59.38590
58.14798
56.99988
56.38372
55.69007
54.69189
53.66308
52.71810
51.39774
50.38125
48.83266
47.78639
47.10784
46.03083
44.87858
43.83731
42.61887
41.57220
40.47694
39.13429
38.17129
36.93572
35.73186
34.69091
33.40945
32.18894
30.97641
29.82414
28.58959
27.57629
26.15349
24.98508
23.62328
22.13794
21.01436
19.59153
18.46096
17.14604
16.01331
14.68992
13.53340
12.28020
10.88751
9.67123
8.14694
7.01135
5.77879
4.42346
3.41501
1.90360
0.38043
-0.68421
-2.00627
-3.41503
-4.49003
-6.10359
-7.54812
-8.90986
-10.63808
-11.87774
-12.64902
-14.22840
-15.41264
-16.88031
-18.23737
-19.29782
-20.53925
-21.74219
-22.95158
-24.22793
-25.97064
-27.20216
-28.33453
-29.29428
-30.56986
-31.59106
-32.77352
-33.99247
-34.84642
-35.63533
-36.92856
-38.03933
-39.27838
-40.36928
-41.32685
-42.43263
-43.62851
-45.05772
-46.10804
-47.07302
-47.79745
-48.86051
-49.78199
-50.64235
-51.64837
-52.36884
-52.83898
-53.10195
-54.27621
-55.30012
-56.07986
-56.75153
-57.77822
-58.83476
-59.75434
-60.66538
-61.98642
-63.06026
-63.60453
-64.41198
-65.05259
-65.78245
-65.99633
-66.75121
-67.52784
-68.34661
-68.37714
-68.55290
-68.83208
-69.07103
-69.40975
-69.72401
-70.45206
-70.77537
-70.98405
-71.17318
-71.60251
-72.14363
-72.50295
-72.94188
-73.14339
-73.27108
-73.47444
-73.57390
-73.75066
-73.80357
-73.74889
-73.50235
-73.63987
-73.62541
-73.68493
-73.34298
-73.04023
-72.67114
-71.93687
-71.38803
-71.50448
-71.52526
-71.25619
-71.10780
-70.66813
-71.02415
-70.81348
-70.17903
-70.01689
-69.90321
-69.19359
-68.72323
-68.18397
-67.60198
-66.97066
-65.86999
-65.30597
-64.97530
-64.43114
-63.69338
-63.35008
-62.66683
-62.20789
-61.64148
-61.08041
-60.55163
-59.61062
-58.92859
-58.18506
-57.77554
-56.90876
-56.10324
-55.07695
-53.97502
-53.20029
-52.29023
-51.32122
-50.32838
-49.34297
-48.36018
-47.20729
-46.46664
-45.63686
-44.38211
-43.71968
-42.89821
-42.05396
-41.14997
-40.26936
-39.35866
-38.30607
-36.98079
-35.71607
-34.82634
-33.35583
-32.12919
-30.99960
-29.68948
-28.28984
-26.74848
-25.39170
-24.01436
-23.04788
-21.84458
-20.62281
-19.12154
-17.75206
-16.41294
-15.32285
-14.07664
-12.58100
-11.36778
-9.84344
-8.76981
-7.05378
-5.98340
-4.57990
-3.31691
-1.84422
-0.36804
0.60792
1.52076
2.69516
4.31867
5.34916
6.87556
8.34887
9.51245
10.56917