
58.76192
59.64892
60.38157
62.06946
62.02217
62.73849
63.24742
64.13603
64.55618
65.79996
66.24586
66.69612
66.74488
67.09060
67.40786
67.80360
68.14777
68.42591
68.13905
68.38895
68.84796
68.88777
68.81767
68.94972
68.50244
67.80986
67.88035
68.03648
67.61373
67.25910
66.92868
65.94965
64.73806
64.33078
63.30814
62.06289
60.93835
60.08111
59.13185
58.78539
57.91933
57.13557
55.71287
54.51153
52.91024
51.70411
50.44077
49.65830
48.25370
46.72217
45.27597
43.48808
42.51906
40.93625
39.78195
38.53942
37.13246
34.47728
32.47893
30.60553
28.49118
27.29383
26.09601
24.66113
22.32117
20.86858
19.07489
16.56768
14.32487
12.61811
10.79327
8.23631
7.12865
4.99922
3.33005
0.75450
-0.88554
-3.33088
-5.26812
-7.60248
-9.09786
-11.86701
-13.30107
-14.40345
-16.42674
-18.63081
-19.76370
-21.77913
-24.31320
-25.94831
-27.73324
-30.10326
-32.49162
-33.97856
-35.80358
-37.18229
-38.67421
-39.68836
-41.50403
-42.15649
-43.70066
-44.91285
-46.73423
-48.19225
-50.10436
-51.32668
-52.14262
-52.92585
-53.84803
-55.01600
-56.45124
-58.34192
-59.95523
-60.70854
-61.71488
-62.56996
-63.06891
-63.24077
-64.26684
-64.99257
-65.76355
-66.66219
-67.23788
-67.87808
-68.17414
-68.73636
-68.30736
-68.64924
-68.28520
-68.10135
-67.50785
-67.59580
-68.24118
-68.36879
-68.72917
-68.75536
-69.06867
-68.72021
-67.95585
-67.58898
-67.16889
-66.65210
-65.34165
-65.89251
-65.07218
-64.48700
-63.32586
-63.28493
-62.14220
-61.48686
-60.30355
-59.58934
-57.89616
-56.34627
-55.14673
-54.03657
-52.47092
-50.99590
-50.03169
-47.88267
-46.64493
-45.64463
-44.69742
-42.77067
-41.34471
-39.43067
-37.46242
-35.88478
-34.31261
-33.18101
-31.24654
-29.30918
-27.69420
-25.87962
-24.01637
-22.94569
-21.08541
-18.88471
-17.26602
-15.03752
-12.62634
-10.39461
-8.53782
-5.58327
-3.97213
-1.75370
-0.68218
1.98974
3.66072
6.13590
8.13678
10.29350
11.20811
12.69257
14.13713
15.38294
16.98333
19.62585
21.59665
23.60123
26.38451
28.28021
30.17442
31.49974
33.10017
33.92004
36.20818
37.44607
39.37770
41.40622
43.63804
44.95336
46.60646
48.40731
49.57735
50.53689
51.95233
53.50748
54.66334
55.57157
56.46498
57.98592
58.55089
59.57822
61.29730
62.27584
62.10544
62.92340
63.26911
63.54883
63.97300
64.90819
65.81180
66.51565
66.96800
68.05418
68.62336
68.32968
68.79747
68.49404
68.48716
68.18437
68.33245
67.72123
68.27166
67.90958
68.40338
68.58937
68.75211
67.84503
67.53960
66.30257
65.72907
65.20073
65.14966
64.33389
64.03738
63.50466
62.64005
61.17748
60.04601
58.62388
56.52169
55.23709
53.86789
52.82096
51.98411
51.18907
49.35140
49.00467
47.66710
45.76025
44.29466
43.52649
41.61073
40.23272
38.43174
36.99484
34.94486
33.19645
31.38782
29.66056
27.66330
25.89918
24.11652
22.03022
21.18195
19.52143
17.92965
15.52152
13.77339
11.66069
9.52787
6.89231
5.20121
3.25056
1.35472
-0.81170
-2.61949
-4.26366
-6.51136
-9.23329
-10.89710
-12.95940
-15.04143
-16.34507
-18.28087
-19.85054
-21.37788
-23.15713
-25.09123
-26.17904
-28.69517
-30.23248
-32.17203
-34.14220
-35.94611
-36.94333
-38.39238
-40.10801
-41.45194
-42.52206
-43.88605
-45.72606
-47.22297
-49.27711
-51.51325
-53.02671
-54.31944
-55.29763
-55.67338
-57.02760
-58.51561
-59.66992
-60.38611
-61.76483
-62.32285
-63.26366
-64.52708
-65.39326
-66.06507
-66.32506
-66.71802
-65.95448
-67.10416
-67.92021
-68.43594
-68.84314
-69.55620
-69.25679
-69.37601
-70.05969
-70.02858
-70.16662
-70.05924
-69.47814
-68.83759
-68.24499
-67.96302
-67.54439
-67.49780
-67.23343
-66.62080
-66.28984
-66.30175
-65.40631
-64.99271
-64.91191
-63.76823
-62.18726
-60.83861
-59.32941
-57.75622
-57.32989
-56.53497
-55.78500
-54.98321
-54.11597
-52.56798
-51.45123
-50.11278
-48.42238
-46.66546
-44.54161
-42.73675
-40.61915
-38.52271
-37.47451
-35.86823
-34.50112
-33.41198
-32.14249
-29.97098
-28.92829
-27.04582
-25.05072
-23.04037
-20.84735
-18.22514
-15.57350
-13.61566
-11.74683
-9.98826
-8.20368
-6.63194
-4.81608
-2.58745
-0.09232
1.51679
3.05784
4.78819
6.70482
8.05526
9.95150
12.04045
14.38851
15.61316
17.67447
19.36720
21.82192
23.49945
25.81807
27.70591
29.45314
31.24667
33.16618
35.16965
36.84369
38.34998
40.17753
42.25970
43.27717
44.46791
45.93574
46.76940
47.83460
49.35448
50.78013
52.29642
53.80218
54.63368
55.75706
57.10927
59.13199
59.72851
61.24726
62.20223
62.82150
63.64773
64.73658
64.62349
65.66704
66.62912
66.58520
67.17832
68.49947
68.36170
68.10717
68.87205
69.43467
68.89307
69.65312
70.12146
69.41184
69.07599
69.10390
69.14716
68.41188
67.95324
67.31134
67.50610
66.53447
66.60869
66.53614
66.23642
64.78203
63.44468
62.63459
61.90484
60.92128
60.50391
60.76638
60.28767
58.72071
57.57371
56.29243
54.82622
53.15236
52.67404
51.34671
50.16852
48.82945
47.73438
45.88024
44.85184
43.20632
41.16027
39.12482
37.54228
35.06103
33.74504
32.16692
30.58388
28.71035
27.40895
24.59800
22.55786
20.78511
19.56158
17.68657
16.87865
15.63448
13.21057
11.23961
9.72078
7.32052
5.12711
3.04872
0.08447
-2.50750
-4.15175
-6.47670
-8.01194
-8.89629
-11.01078
-13.21308
-14.45838
-16.54433
-18.89628
-20.29678
-22.09678
-24.56132
-25.82551
-28.07501
-29.99703
-31.65124
-33.48145
-35.53962
-36.65262
-37.83205
-39.49247
-41.08529
-42.63599
-44.03920
-46.10063
-48.28624
-49.56727
-50.81152
-52.67598
-53.38829
-53.84782
-54.70034
-56.08037
-57.04836
-58.51153
-60.02911
-61.13092
-61.97208
-62.07064
-62.72908
-62.78009
-63.39186
-64.13885
-65.86741
-66.73561
-67.66755
-68.43783
-69.06155
-69.21285
-69.48832
-69.63806
-69.65504
-69.89944
-69.82277
-69.45021
-69.05983
-69.28443
-68.27028
-67.69238
-67.54398
-66.97406
-66.17132
-66.19138
-66.11318
-65.27992
-65.25992
-65.00174
-64.10808
-62.65805
-62.39463
-61.96355
-61.27788
-60.60970
-59.51875
-57.96045
-56.71822
-54.67974
-53.60866
-53.19653
-52.94598
-51.90887
-50.69199
-49.24043
-47.19390
-45.06438
-42.59342
-41.63881
-40.39137
-39.00123
-37.25108
-35.99209
-33.58099
-31.05882
-28.98071
-27.31366
-25.56068
-24.11315
-22.24289
-20.67196
-18.82778
-16.85241
-15.48082
-14.31837
-12.68652
-10.60225
-8.89800
-7.03288
-4.19863
-1.91083
-0.05933
2.18320
4.33712
5.44141
6.91606
8.61536
10.51400
13.20132
15.08978
17.69518
19.65551
21.15699
23.08359
25.44531
26.89722
28.95353
31.09602
32.92363
34.40436
35.91092
37.46982
39.34796
40.67104
42.48776
44.20739
45.70130
46.86800
48.18248
49.45959
50.77349
52.59324
53.41261
54.92710
55.69364
56.99288
57.26662
58.46494
58.46893
59.47176
60.50048
61.29266
62.52140
63.81772
64.63177
64.82521
66.14773
66.79591
66.94005
68.12000
68.36170
68.76582
68.82181
69.62580
69.35122
69.66511
69.45073
69.35649
69.09240
68.93822
69.09686
68.84195
68.34993
67.89540
67.16046
66.48563
65.74504
65.14885
65.11998
64.44798
63.37824
63.12439
62.09492
60.29705
59.99848
59.45009
57.86752
57.31983
56.56291
55.05506
54.18480
52.91712
51.40843
50.01926
48.66676
46.59164
44.94606
43.54730
42.13243
40.03151
39.03875
37.63255
36.36262
34.80521
33.46695
31.07006
29.35425
27.51524
25.91215
23.96130
22.22639
20.06501
18.12098
16.46315
14.94273
13.35409
11.95979
9.86533
7.90590
5.66458
4.04964
1.92213
-0.08480
-2.52926
-3.83909
-6.57734
-8.39705
-10.26046
-12.77081
-14.78412
-16.41649
-18.13692
-20.47714
-21.83179
-23.83719
-25.15435
-27.33914
-28.42598
-30.36102
-31.92428
-34.48826
-35.69468
-38.13872
-39.40244
-41.86819
-42.43453
-44.16671
-44.62325
-46.26217
-47.34634
-49.57301
-51.42522
-53.38451
-55.15980
-56.43164
-57.33799
-58.49159
-59.49320
-59.86643
-60.70047
-62.09426
-62.50921
-62.81384
-64.18545
-64.96981
-64.76796
-65.32678
-65.85301
-65.77736
-66.09368
-66.64748
-66.82774
-67.11096
-67.14834
-67.84985
-68.57906
-68.52379
-69.01925
-69.06846
-67.98249
-67.35466
-67.57607
-67.29686
-67.83354
-67.91392
-67.74969
-67.23296
-66.87265
-65.57217
-64.49460
-63.72398
-63.25019
-62.74936
-62.72126
-62.15146
-61.09673
-60.12623
-58.69615
-57.31028
-56.95328
-56.43958
-54.80877
-53.47221
-51.83421
-50.11592
-48.19989
-47.65157
-46.57907
-44.56005
-42.76127
-41.86542
-40.26695
-38.14188
-37.30615
-36.01247
-33.60634
-31.60350
-30.57398
-28.36839
-26.53937
-24.80507
-22.91993
-20.33459
-18.62938
-16.44616
-14.41175
-12.41028
-11.05168
-9.11566
-7.40298
-5.74698
-4.06467
-2.32683
-0.24227
1.65737
4.16326
6.97979
9.88749
11.66817
13.85471
15.32465
17.18310
18.62967
20.82262
22.78860
24.83308
26.26076
28.77479
30.56820
32.62450
34.35177
36.25032
37.45737
38.71257
39.55143
41.34240
43.27828
44.48467
45.62384
47.24548
48.26083
48.80416
50.90734
53.22342
55.23757
56.29068
57.40963
58.14297
58.93998
59.83114
61.18350
61.86492
63.04575
63.52126
63.62698
63.90232
64.89719
64.78119
65.49774
66.41714
66.89391
67.15099
67.61095
68.15289
68.20664
68.63482
68.96221
69.50663
69.21770
69.15107
68.73483
68.88865
68.65274
68.18156
67.57396
67.85739
67.70137
66.71610
66.58990
66.41460
65.47828
64.64776
64.11010
63.10554
62.24895
61.32149
59.89632
59.10548
57.80653
56.77139
54.97320
54.06232
52.20688
51.47250
49.70458
48.56524
47.13694
45.87302
44.25751
43.59415
42.27351
40.08281
38.85294
37.12455
35.19346
33.74589
32.14138
29.82397
28.05770
26.21698
24.63508
22.65722
20.72999
18.49104
16.56584
13.83467
12.54344
11.40898
10.22802
8.04979
6.86072
5.27555
2.99233
0.51526
-1.48680
-4.11525
-6.77248
-9.07237
-11.61077
-13.37563
-14.42290
-15.84675
-17.62937
-18.45863
-20.72721
-22.52823
-25.02698
-26.42105
-28.54755
-29.86048
-32.26806
-33.57226
-35.50245
-36.74918
-38.11616
-39.76956
-41.36850
-43.04970
-45.28788
-46.82736
-48.35558
-49.62017
-50.41649
-51.81773
-53.28374
-53.87909
-54.71104
-56.13640
-57.01451
-58.48332
-59.92562
-61.33673
-62.96126
-63.98864
-64.85802
-64.93107
-65.53838
-65.54112
-66.01359
-66.33775
-67.04518
-67.75440
-68.25214
-68.29223
-68.22212
-68.82819
-69.03630
-68.68929
-69.23212
-69.04975
-68.45975
-68.17736