0.068627
0.070588
0.070588
0.068627
0.076471
0.070588
0.070588
0.070588
0.072549
0.072549
0.072549
0.076471
0.074510
0.078431
0.076471
0.076471
0.076471
0.076471
0.078431
0.078431
0.080392
0.076471
0.084314
0.078431
0.082353
0.082353
0.082353
0.082353
0.082353
0.082353
0.084314
0.084314
0.084314
0.084314
0.082353
0.086275
0.084314
0.082353
0.084314
0.084314
0.084314
0.084314
0.090196
0.084314
0.086275
0.086275
0.088235
0.088235
0.088235
0.088235
0.088235
0.088235
0.090196
0.088235
0.090196
0.086275
0.086275
0.088235
0.088235
0.088235
0.088235
0.088235
0.090196
0.090196
0.090196
0.090196
0.090196
0.088235
0.092157
0.088235
0.088235
0.088235
0.090196
0.090196
0.088235
0.092157
0.090196
0.092157
0.088235
0.088235
0.090196
0.090196
0.090196
0.090196
0.090196
0.092157
0.090196
0.090196
0.088235
0.090196
0.088235
0.086275
0.090196
0.088235
0.084314
0.090196
0.088235
0.090196
0.090196
0.086275
0.090196
0.088235
0.086275
0.086275
0.086275
0.088235
0.084314
0.086275
0.086275
0.084314
0.084314
0.082353
0.084314
0.086275
0.084314
0.082353
0.082353
0.082353
0.084314
0.084314
0.082353
0.082353
0.080392
0.082353
0.084314
0.082353
0.078431
0.078431
0.076471
0.078431
0.076471
0.076471
0.078431
0.074510
0.078431
0.074510
0.076471
0.076471
0.074510
0.072549
0.072549
0.072549
0.070588
0.072549
0.070588
0.070588
0.070588
0.070588
0.068627
0.068627
0.068627
0.070588
0.066667
0.068627
0.066667
0.062745
0.064706
0.062745
0.060784
0.064706
0.062745
0.062745
0.062745
0.060784
0.062745
0.058824
0.058824
0.058824
0.056863
0.054902
0.054902
0.056863
0.052941
0.054902
0.054902
0.054902
0.050980
0.049020
0.050980
0.047059
0.045098
0.049020
0.047059
0.047059
0.049020
0.045098
0.043137
0.045098
0.041176
0.039216
0.041176
0.041176
0.039216
0.037255
0.037255
0.041176
0.035294
0.037255
0.031373
0.037255
0.033333
0.031373
0.031373
0.029412
0.029412
0.029412
0.029412
0.027451
0.023529
0.025490
0.025490
0.023529
0.021569
0.021569
0.021569
0.021569
0.019608
0.021569
0.019608
0.017647
0.017647
0.015686
0.017647
0.013725
0.013725
0.015686
0.009804
0.009804
0.009804
0.007843
0.007843
0.005882
0.003922
0.007843
0.005882
0.001961
0.003922
0.003922
0.001961
0.000000
0.001961
0.000000
0.000000
-0.003922
-0.003922
-0.003922
-0.003922
-0.005882
-0.005882
-0.007843
-0.005882
-0.007843
-0.009804
-0.009804
-0.011765
-0.013725
-0.011765
-0.013725
-0.015686
-0.017647
-0.013725
-0.017647
-0.015686
-0.021569
-0.021569
-0.021569
-0.021569
-0.023529
-0.027451
-0.025490
-0.025490
-0.025490
-0.027451
-0.027451
-0.027451
-0.031373
-0.029412
-0.031373
-0.031373
-0.031373
-0.033333
-0.033333
-0.033333
-0.035294
-0.035294
-0.037255
-0.037255
-0.037255
-0.041176
-0.041176
-0.043137
-0.043137
-0.043137
-0.041176
-0.043137
-0.043137
-0.045098
-0.047059
-0.047059
-0.050980
-0.049020
-0.049020
-0.049020
-0.052941
-0.050980
-0.052941
-0.054902
-0.054902
-0.054902
-0.054902
-0.054902
-0.054902
-0.058824
-0.060784
-0.058824
-0.062745
-0.056863
-0.058824
-0.062745
-0.058824
-0.062745
-0.060784
-0.060784
-0.062745
-0.066667
-0.064706
-0.068627
-0.066667
-0.068627
-0.068627
-0.070588
-0.068627
-0.068627
-0.072549
-0.072549
-0.070588
-0.072549
-0.076471
-0.074510
-0.072549
-0.074510
-0.074510
-0.076471
-0.076471
-0.074510
-0.076471
-0.076471
-0.076471
-0.076471
-0.074510
-0.080392
-0.078431
-0.080392
-0.080392
-0.082353
-0.082353
-0.080392
-0.080392
-0.082353
-0.082353
-0.082353
-0.082353
-0.084314
-0.084314
-0.084314
-0.082353
-0.086275
-0.090196
-0.086275
-0.086275
-0.086275
-0.088235
-0.084314
-0.086275
-0.088235
-0.088235
-0.088235
-0.086275
-0.090196
-0.088235
-0.090196
-0.090196
-0.088235
-0.092157
-0.088235
-0.090196
-0.094118
-0.090196
-0.090196
-0.090196
-0.090196
-0.092157
-0.092157
-0.090196
-0.092157
-0.092157
-0.092157
-0.092157
-0.092157
-0.092157
-0.090196
-0.090196
-0.092157
-0.092157
-0.092157
-0.092157
-0.096078
-0.090196
-0.092157
-0.092157
-0.092157
-0.094118
-0.094118
-0.094118
-0.094118
-0.090196
-0.092157
-0.092157
-0.090196
-0.094118
-0.092157
-0.090196
-0.092157
-0.092157
-0.092157
-0.092157
-0.090196
-0.090196
-0.092157
-0.090196
-0.090196
-0.088235
-0.090196
-0.090196
-0.090196
-0.088235
-0.088235
-0.090196
-0.088235
-0.090196
-0.088235
-0.088235
-0.086275
-0.084314
-0.086275
-0.086275
-0.086275
-0.086275
-0.084314
-0.084314
-0.080392
-0.086275
-0.084314
-0.084314
-0.082353
-0.080392
-0.082353
-0.082353
-0.082353
-0.080392
-0.080392
-0.080392
-0.080392
-0.080392
-0.076471
-0.076471
-0.076471
-0.078431
-0.080392
-0.078431
-0.078431
-0.074510
-0.072549
-0.076471
-0.076471
-0.074510
-0.070588
-0.070588
-0.072549
-0.072549
-0.072549
-0.072549
-0.072549
-0.070588
-0.070588
-0.068627
-0.070588
-0.066667
-0.068627
-0.066667
-0.064706
-0.060784
-0.062745
-0.062745
-0.060784
-0.064706
-0.060784
-0.058824
-0.060784
-0.058824
-0.060784
-0.058824
-0.056863
-0.058824
-0.058824
-0.056863
-0.054902
-0.056863
-0.054902
-0.050980
-0.054902
-0.050980
-0.050980
-0.050980
-0.049020
-0.049020
-0.047059
-0.047059
-0.047059
-0.047059
-0.045098
-0.045098
-0.043137
-0.041176
-0.041176
-0.041176
-0.041176
-0.041176
-0.039216
-0.039216
-0.037255
-0.035294
-0.037255
-0.035294
-0.035294
-0.033333
-0.033333
-0.031373
-0.031373
-0.029412
-0.031373
-0.027451
-0.025490
-0.023529
-0.025490
-0.025490
-0.023529
-0.021569
-0.021569
-0.019608
-0.021569
-0.021569
-0.021569
-0.019608
-0.019608
-0.017647
-0.015686
-0.013725
-0.011765
-0.013725
-0.015686
-0.009804
-0.007843
-0.009804
-0.009804
-0.007843
-0.005882
-0.007843
-0.005882
-0.003922
-0.005882
-0.003922
0.000000
-0.003922
-0.001961
0.001961
0.007843
0.001961
0.003922
0.003922
0.005882
0.003922
0.005882
0.005882
0.005882
0.007843
0.007843
0.009804
0.013725
0.011765
0.015686
0.015686
0.017647
0.015686
0.015686
0.017647
0.019608
0.017647
0.019608
0.019608
0.021569
0.021569
0.023529
0.021569
0.021569
0.023529
0.027451
0.027451
0.027451
0.027451
0.029412
0.029412
0.031373
0.035294
0.035294
0.031373
0.033333
0.035294
0.037255
0.035294
0.037255
0.037255
0.037255
0.039216
0.041176
0.043137
0.043137
0.045098
0.045098
0.043137
0.045098
0.045098
0.049020
0.049020
0.047059
0.049020
0.050980
0.050980
0.050980
0.050980
0.050980
0.054902
0.054902
0.054902
0.056863
0.054902
0.058824
0.058824
0.058824
0.056863
0.056863
0.060784
0.056863
0.062745
0.062745
0.060784
0.064706
0.062745
0.062745
0.064706
0.064706
0.064706
0.066667
0.066667
0.064706
0.068627
0.068627
0.066667
0.068627
0.070588
0.072549
0.070588
0.068627
0.068627
0.072549
0.074510
0.074510
0.076471
0.076471
0.078431
0.076471
0.074510
0.076471
0.076471
0.078431
0.078431
0.074510
0.078431
0.076471
0.078431
0.078431
0.082353
0.084314
0.080392
0.082353
0.080392
0.080392
0.082353
0.084314
0.082353
0.080392
0.082353
0.084314
0.084314
0.084314
0.084314
0.084314
0.084314
0.086275
0.086275
0.086275
0.084314
0.086275
0.086275
0.086275
0.086275
0.088235
0.090196
0.086275
0.090196
0.086275
0.084314
0.088235
0.088235
0.086275
0.090196
0.088235
0.088235
0.088235
0.088235
0.088235
0.090196
0.088235
0.090196
0.088235
0.090196
0.088235
0.090196
0.088235
0.092157
0.092157
0.088235
0.090196
0.090196
0.088235
0.090196
0.086275
0.090196
0.088235
0.084314
0.088235
0.088235
0.088235
0.088235
0.088235
0.088235
0.088235
0.086275
0.090196
0.086275
0.086275
0.090196
0.088235
0.086275
0.088235
0.086275
0.088235
0.088235
0.088235
0.088235
0.088235
0.086275
0.086275
0.086275
0.084314
0.084314
0.086275
0.084314
0.086275
0.084314
0.082353
0.082353
0.082353
0.082353
0.082353
0.082353
0.082353
0.078431
0.082353
0.080392
0.082353
0.078431
0.082353
0.078431
0.076471
0.078431
0.080392
0.078431
0.076471
0.076471
0.078431
0.074510
0.074510
0.074510
0.072549
0.074510
0.072549
0.072549
0.070588
0.072549
0.070588
0.070588
0.070588
0.072549
0.070588
0.070588
0.068627
0.068627
0.066667
0.064706
0.064706
0.064706
0.064706
0.064706
0.064706
0.062745
0.060784
0.062745
0.062745
0.060784
0.058824
0.058824
0.056863
0.058824
0.058824
0.056863
0.054902
0.052941
0.052941
0.052941
0.054902
0.052941
0.052941
0.050980
0.052941
0.050980
0.050980
0.047059
0.047059
0.049020
0.045098
0.045098
0.047059
0.041176
0.043137
0.043137
0.039216
0.041176
0.041176
0.039216
0.039216
0.037255
0.035294
0.035294
0.033333
0.033333
0.035294
0.033333
0.033333
0.033333
0.031373
0.027451
0.029412
0.027451
0.027451
0.025490
0.027451
0.023529
0.025490
0.021569
0.021569
0.019608
0.021569
0.019608
0.019608
0.019608
0.017647
0.017647
0.015686
0.013725
0.013725
0.009804
0.011765
0.011765
0.009804
0.011765
0.009804
0.009804
0.005882
0.007843
0.005882
0.001961
0.001961
0.005882
0.003922
0.001961
0.001961
0.000000
-0.001961
-0.003922
-0.001961
-0.001961
-0.005882
-0.003922
-0.005882
-0.007843
-0.007843
-0.009804
-0.009804
-0.013725
-0.011765
-0.009804
-0.013725
-0.013725
-0.015686
-0.017647
-0.015686
-0.019608
-0.017647
-0.017647
-0.021569
-0.021569
-0.021569
-0.021569
-0.023529
-0.025490
-0.025490
-0.023529
-0.027451
-0.027451
-0.027451
-0.029412
-0.027451
-0.031373
-0.029412
-0.031373
-0.035294
-0.035294
-0.035294
-0.037255
-0.033333
-0.037255
-0.039216
-0.037255
-0.037255
-0.039216
-0.039216
-0.043137
-0.041176
-0.041176
-0.045098
-0.045098
-0.049020
-0.047059
-0.047059
-0.049020
-0.047059
-0.049020
-0.049020
-0.050980
-0.052941
-0.050980
-0.050980
-0.050980
-0.054902
-0.054902
-0.054902
-0.056863
-0.056863
-0.056863
-0.058824
-0.060784
-0.060784
-0.062745
-0.060784
-0.062745
-0.060784
-0.062745
-0.064706
-0.062745
-0.066667
-0.064706
-0.066667
-0.068627
-0.064706
-0.066667
-0.070588
-0.068627
-0.070588
-0.072549
-0.072549
-0.072549
-0.072549
-0.068627
-0.070588
-0.074510
-0.074510
-0.074510
-0.074510
-0.074510
-0.074510
-0.076471
-0.074510
-0.076471
-0.076471
-0.078431
-0.078431
-0.080392
-0.080392
-0.078431
-0.080392
-0.080392
-0.080392
-0.084314
-0.082353
-0.082353
-0.082353
-0.084314
-0.086275
-0.084314
-0.084314
-0.086275
-0.086275
-0.086275
-0.086275
-0.088235
-0.084314
-0.084314
-0.086275
-0.088235
-0.088235
-0.086275
-0.086275
-0.086275
-0.090196
-0.090196
-0.090196
-0.090196
-0.090196
-0.090196
-0.090196
-0.090196
-0.090196
-0.086275
-0.090196
-0.090196
-0.090196
-0.092157
-0.088235
-0.092157
-0.092157
-0.090196
-0.094118
-0.090196
-0.092157
-0.094118
-0.090196
-0.094118
-0.092157
-0.094118
-0.090196
-0.092157
-0.092157
-0.090196
-0.092157
-0.090196
-0.092157
-0.094118
-0.094118
-0.092157
-0.092157
-0.094118
-0.092157
-0.092157
-0.090196
-0.090196
-0.092157
-0.090196
-0.090196
-0.090196
-0.090196
-0.092157
-0.092157
-0.088235
-0.090196
-0.088235
-0.090196
-0.090196
-0.090196
-0.090196
-0.090196
-0.090196
-0.088235
-0.088235
-0.088235
-0.090196
-0.086275
-0.090196
-0.086275
-0.084314
-0.086275
-0.084314
-0.086275
-0.086275
-0.084314
-0.084314
-0.088235
-0.084314
-0.084314
-0.082353
-0.084314
-0.084314
-0.084314
-0.082353
-0.080392
-0.080392
-0.082353
-0.082353
-0.084314
-0.078431
-0.080392
-0.078431
-0.080392
-0.076471
-0.080392
-0.076471
-0.074510
-0.074510
-0.076471
-0.074510
-0.076471
-0.072549
-0.074510
-0.072549
-0.072549
-0.072549
-0.070588
-0.072549
-0.070588
-0.070588
-0.070588
-0.066667
-0.068627
-0.068627
-0.066667
-0.066667
-0.062745
-0.064706
-0.066667
-0.064706
-0.062745
-0.064706
-0.060784
-0.062745
-0.056863
-0.060784
-0.060784
-0.060784
-0.058824
-0.054902
-0.056863
-0.056863
-0.056863
-0.052941
-0.052941
-0.054902
-0.052941
-0.052941
-0.052941
-0.050980
-0.050980
-0.049020
-0.049020
-0.047059
-0.047059
-0.045098
-0.047059
-0.045098
-0.045098
-0.043137
-0.041176
-0.043137
-0.039216
-0.039216
-0.037255
-0.037255
-0.037255
-0.037255
-0.039216
-0.039216
-0.033333
-0.031373
-0.033333
-0.033333
-0.031373
-0.029412
-0.029412
-0.027451
-0.027451
-0.027451
-0.025490
-0.023529
-0.023529
-0.023529
-0.021569
-0.023529
-0.021569
-0.021569
-0.021569
-0.019608
-0.017647
-0.017647
-0.015686
-0.013725
-0.013725
-0.013725
-0.011765
-0.013725
-0.011765
-0.011765
-0.007843
-0.009804
-0.009804
-0.009804
-0.003922
-0.003922
-0.003922
-0.001961
-0.001961
-0.001961
0.001961
0.001961
0.003922
0.001961
0.001961
0.001961
0.003922
0.007843
0.009804
0.007843
0.009804
0.011765
0.009804
0.011765
0.009804
0.009804
0.013725
0.015686
0.013725
0.015686
0.015686
0.013725
0.019608
0.019608
0.021569
0.021569
0.021569
0.019608
0.023529
0.025490
0.025490
0.025490
0.027451
0.025490
0.027451
0.027451
0.029412
0.029412
0.029412
0.033333
0.031373
0.033333
0.033333
0.035294
0.035294
0.037255
0.039216
0.037255
0.039216
0.039216
0.039216
0.043137
0.043137
0.041176
0.041176
0.045098
0.043137
0.045098
0.047059
0.047059
0.049020
0.049020
0.049020
0.049020
0.050980
0.050980
0.054902
0.052941
0.052941
0.054902
0.054902
0.056863
0.056863
0.056863
0.056863
0.058824
0.058824
0.062745
0.058824
0.060784
0.062745
0.060784
0.062745
0.062745
0.062745
0.062745
0.064706
0.064706
0.066667
0.066667
0.064706
0.070588
0.066667
0.068627
0.070588
0.070588
0.068627
0.070588
0.070588
0.072549
0.074510
0.074510
0.072549
0.076471
0.074510
0.072549
0.074510
0.074510
0.076471
0.076471
0.078431
0.076471
0.078431
0.076471
0.080392
0.080392
0.078431
0.078431
0.080392
0.080392
0.080392
0.078431
0.086275
0.082353
0.084314
0.082353
0.082353
0.084314
0.082353
0.084314
0.086275
0.086275
0.086275
0.084314
0.084314
0.082353
0.084314
0.084314
0.084314
0.084314
0.086275
0.086275
0.086275
0.090196
0.088235
0.090196
0.086275
0.090196
0.086275
0.086275
0.088235
0.090196
0.088235
0.090196
0.090196
0.086275
0.090196
0.088235
0.090196
0.090196
0.090196
0.090196
0.090196
0.090196
0.090196
0.092157
0.090196
0.088235
0.092157
0.090196
0.090196
0.090196
0.092157
0.088235
0.088235
0.088235
0.092157
0.088235
0.088235
0.090196
0.086275
0.088235
0.086275
0.086275
0.088235
0.088235
0.088235
0.088235
0.092157
0.088235
0.088235
0.088235
0.090196
0.086275
0.086275
0.084314
0.090196
0.086275
0.088235
0.086275
0.086275
0.082353
0.084314
0.084314
0.084314
0.084314
0.082353
0.082353
0.084314
0.084314
0.082353
0.082353
0.082353
0.080392
0.080392
0.078431
0.080392
0.078431
0.080392
0.078431
0.078431
0.080392
0.082353
0.078431
0.074510
0.076471
0.078431
0.076471
0.074510
0.076471
0.076471
0.076471
0.072549
0.072549
0.070588
0.070588
0.070588
0.068627
0.068627
0.070588
0.068627
0.068627
0.070588
0.066667
0.070588
0.066667
0.064706
0.064706
0.062745
0.066667
0.064706
0.062745
0.060784
0.062745
0.060784
0.056863
0.058824
0.058824
0.062745
0.060784
0.058824
0.054902
0.054902
0.054902
0.056863
0.054902
0.052941
0.052941
0.050980
0.050980
0.052941
0.050980
0.050980
0.049020
0.049020
0.047059
0.047059
0.045098
0.045098
0.045098
0.045098
0.041176
0.041176
0.043137
0.037255
0.037255
0.039216
0.037255
0.037255
0.035294
0.035294
0.037255
0.035294
0.035294
0.031373
0.031373
0.031373
0.031373
0.029412
0.029412
0.025490
0.025490
0.027451
0.025490
0.025490
0.023529
0.023529
0.025490
0.021569
0.021569
0.021569
0.019608
0.017647
0.017647
0.017647
0.013725
0.013725
0.013725
0.013725
0.009804
0.011765
0.013725
0.009804
0.009804
0.005882
0.005882
0.007843
0.005882
0.005882
0.003922
0.003922
0.000000
0.000000
-0.001961
0.000000
-0.001961
-0.003922
-0.003922
-0.003922
-0.005882
-0.005882
-0.005882
-0.005882
-0.005882
-0.011765
-0.009804
-0.009804
-0.011765
-0.009804
-0.013725
-0.013725
-0.015686
-0.013725
-0.017647
-0.017647
-0.019608
-0.019608
-0.019608
-0.021569
-0.021569
-0.023529
-0.023529
-0.025490
-0.023529
-0.023529
-0.029412
-0.027451
-0.027451
-0.029412
-0.029412
-0.029412
-0.033333
-0.033333
-0.035294
-0.033333
-0.037255
-0.035294
-0.037255
-0.037255
-0.035294
-0.039216
-0.041176
-0.043137
-0.043137
-0.043137
-0.041176
-0.043137
-0.045098
-0.043137
-0.047059
-0.045098
-0.045098
-0.047059
-0.049020
-0.049020
-0.050980
-0.049020
-0.052941
-0.050980
-0.052941
-0.050980
-0.054902
-0.054902
-0.054902
-0.056863
-0.058824
-0.056863
-0.058824
-0.060784
-0.058824
-0.062745
-0.060784
-0.058824
-0.064706
-0.064706
-0.062745
-0.064706
-0.064706
-0.064706
-0.064706
-0.066667
-0.066667
-0.068627
-0.068627
-0.066667
-0.070588
-0.072549
-0.070588
-0.068627
-0.070588
-0.072549
-0.072549
-0.074510
-0.072549
-0.076471
-0.074510
-0.074510
-0.074510
-0.078431
-0.076471
-0.076471
-0.078431
-0.078431
-0.080392
-0.078431
-0.078431
-0.082353
-0.080392
-0.078431
-0.080392
-0.080392
-0.084314
-0.082353
-0.086275
-0.082353
-0.084314
-0.082353
-0.082353
-0.084314
-0.084314
-0.086275
-0.084314
-0.084314
-0.084314
-0.088235
-0.082353
-0.088235
-0.086275
-0.086275
-0.088235
-0.090196
-0.088235
-0.088235
-0.088235
-0.090196
-0.088235
-0.090196
-0.092157
-0.086275
-0.088235
-0.090196
-0.092157
-0.092157
-0.090196
-0.090196
-0.092157
-0.090196
-0.092157
-0.092157
-0.092157
-0.090196
-0.090196
-0.092157
-0.092157
-0.092157
-0.090196
-0.092157
-0.090196
-0.092157
-0.090196
-0.092157
-0.092157
-0.092157
-0.094118
-0.094118
-0.090196
-0.090196
-0.094118
-0.092157
-0.092157
-0.092157
-0.090196
-0.092157
-0.094118
-0.094118
-0.090196
-0.092157
-0.090196
-0.090196
-0.090196
-0.092157
-0.092157
-0.094118
-0.088235
-0.092157
-0.090196
-0.090196
-0.088235
-0.088235
-0.088235
-0.090196
-0.088235
-0.090196
-0.088235
-0.088235
-0.086275
-0.086275
-0.086275
-0.084314
-0.084314
-0.084314
-0.084314
-0.086275
-0.082353
-0.084314
-0.084314
-0.082353
-0.082353
-0.082353
-0.084314
-0.084314
-0.082353
-0.082353
-0.080392
-0.082353
-0.078431
-0.078431
-0.078431
-0.078431
-0.080392
-0.078431
-0.078431
-0.074510
-0.078431
-0.074510
-0.076471
-0.074510
-0.074510
-0.072549
-0.074510
-0.074510
-0.072549
-0.070588
-0.070588
-0.070588
-0.072549
-0.072549
-0.068627
-0.070588
-0.068627
-0.066667
-0.066667
-0.064706
-0.066667
-0.066667
-0.064706
-0.062745
-0.062745
-0.060784
-0.060784
-0.058824
-0.060784
-0.058824
-0.058824
-0.056863
-0.058824
-0.056863
-0.058824
-0.058824
-0.054902
-0.056863
-0.052941
-0.050980
-0.052941
-0.050980
-0.050980
-0.052941
-0.049020
-0.049020
-0.049020
-0.045098
-0.043137
-0.047059
-0.047059
-0.045098
-0.041176
-0.045098
-0.041176
-0.041176
-0.041176
-0.041176
-0.041176
-0.037255
-0.037255
-0.035294
-0.035294
-0.035294
-0.033333
-0.035294
-0.033333
-0.033333
-0.033333
-0.031373
-0.029412
-0.029412
-0.027451
-0.027451
-0.027451
-0.025490
-0.023529
-0.023529
-0.023529
-0.019608
-0.021569
-0.021569
-0.017647
-0.017647
-0.019608
-0.015686
-0.015686
-0.015686
-0.015686
-0.015686
-0.013725
-0.009804
-0.009804
-0.009804
-0.007843
-0.005882
-0.007843
-0.005882
-0.003922
-0.001961
-0.001961
-0.003922
-0.001961
0.000000
0.001961
-0.001961
0.001961
0.001961
0.005882
0.005882
0.005882
0.003922
0.005882
0.009804
0.009804
0.007843
0.009804
0.009804
0.011765
0.011765
0.011765
0.015686
0.017647
0.015686
0.019608
0.015686
0.017647
0.017647
0.019608
0.021569
0.021569
0.023529
0.023529
0.023529
0.025490
0.025490
0.027451
0.027451
0.027451
0.027451
0.033333
0.027451
0.029412
0.031373
0.031373
0.033333
0.037255
0.035294
0.033333
0.035294
0.037255
0.037255
0.039216
0.041176
0.041176
0.041176
0.039216
0.043137
0.041176
0.043137
0.043137
0.047059
0.047059
0.049020
0.047059
0.047059
0.050980
0.050980
0.050980
0.050980
0.050980
0.052941
0.052941
0.054902
0.056863
0.054902
0.056863
0.056863
0.058824
0.060784
0.056863
0.060784
0.060784
0.062745
0.060784
0.062745
0.060784
0.062745
0.064706
0.064706
0.064706
0.064706
0.064706
0.064706
0.066667
0.068627
0.070588
0.070588
0.066667
0.070588
0.068627
0.070588
0.074510
0.072549
0.072549
0.072549
0.074510
0.074510
0.074510
0.076471
0.074510
0.074510
0.076471
0.074510
0.076471
0.076471
0.078431
0.076471
0.078431
0.082353
0.078431
0.080392
0.078431
0.082353
0.082353
0.082353
0.080392
0.086275
0.084314
0.086275
0.082353
0.084314
0.082353
0.084314
0.082353
0.084314
0.086275
0.084314
0.084314
0.088235
0.088235
0.086275
0.088235
0.084314
0.086275
0.088235
0.088235
0.090196
0.084314
0.088235
0.088235
0.088235
0.090196
0.092157
0.088235
0.088235
0.090196
0.090196
0.088235
0.086275
0.090196
0.090196
0.090196
0.090196
0.088235
0.090196
0.092157
0.088235
0.092157
0.090196
0.090196
0.088235
0.090196
0.090196
0.092157
0.094118
0.090196
0.090196
0.090196
0.088235
0.090196
0.090196
0.090196
0.088235
0.090196
0.088235
0.090196
0.088235
0.086275
0.090196
0.090196
0.088235
0.088235
0.088235
0.088235
0.090196
0.086275
0.086275
0.086275
0.088235
0.090196
0.088235
0.086275
0.084314
0.084314
0.082353
0.086275
0.082353
0.082353
0.086275
0.084314
0.084314
0.082353
0.080392
0.082353
0.082353
0.080392
0.080392
0.082353
0.078431
0.078431
0.080392
0.080392
0.082353
0.080392
0.076471
0.078431
0.076471
0.078431
0.078431
0.078431
0.076471
0.076471
0.072549
0.074510
0.076471
0.074510
0.072549
0.074510
0.074510
0.070588
0.070588
0.070588
0.068627
0.070588
0.068627
0.068627
0.064706
0.066667
0.064706
0.066667
0.066667
0.066667
0.064706
0.062745
0.062745
0.062745
0.064706
0.060784
0.058824
0.060784
0.060784
0.058824
0.058824
0.054902
0.054902
0.056863
0.056863
0.052941
0.054902
0.052941
0.054902
0.052941
0.052941
0.054902
0.047059
0.049020
0.049020
0.049020
0.049020
0.045098
0.043137
0.043137
0.045098
0.043137
0.043137
0.041176
0.039216
0.041176
0.043137
0.037255
0.037255
0.035294
0.037255
0.035294
0.035294
0.035294
0.035294
0.031373
0.033333
0.031373
0.031373
0.029412
0.027451
0.027451
0.027451
0.027451
0.025490
0.023529
0.025490
0.021569
0.021569
0.021569
0.019608
0.019608
0.019608
0.019608
0.019608
0.015686
0.013725
0.013725
0.015686
0.013725
0.013725
0.009804
0.007843
0.007843
0.011765
0.009804
0.007843
0.005882
0.005882
0.005882
0.003922
0.001961
0.003922
0.001961
0.000000
-0.001961
-0.001961
-0.003922
-0.001961
-0.005882
-0.003922
-0.005882
-0.005882
-0.005882
-0.009804
-0.009804
-0.009804
-0.007843
-0.011765
-0.013725
-0.013725
-0.013725
-0.013725
-0.017647
-0.015686
-0.015686
-0.017647
-0.019608
-0.019608
-0.021569
-0.023529
-0.025490
-0.025490
-0.023529
-0.027451
-0.027451
-0.029412
-0.029412
-0.027451
-0.029412
-0.027451
-0.031373
-0.033333
-0.033333
-0.033333
-0.033333
-0.035294
-0.039216
-0.037255
-0.037255
-0.037255
-0.041176
-0.041176
-0.039216
-0.041176
-0.041176
-0.045098
-0.043137
-0.047059
-0.045098
-0.043137
-0.045098
-0.049020
-0.049020
-0.049020
-0.049020
-0.049020
-0.050980
-0.052941
-0.052941
-0.050980
-0.052941
-0.056863
-0.056863
-0.054902
-0.056863
-0.056863
-0.060784
-0.060784
-0.058824
-0.062745
-0.060784
-0.060784
-0.060784
-0.062745
-0.064706
-0.066667
-0.062745
-0.066667
-0.064706
-0.068627
-0.064706
-0.066667
-0.066667
-0.070588
-0.068627
-0.070588
-0.070588
-0.072549
-0.072549
-0.070588
-0.070588
-0.072549
-0.072549
-0.074510
-0.074510
-0.072549
-0.076471
-0.076471
-0.076471
-0.076471
-0.076471
-0.076471
-0.080392
-0.078431
-0.078431
-0.080392
-0.080392
-0.080392
-0.080392
-0.082353
-0.082353
-0.080392
-0.082353
-0.084314
-0.082353
-0.084314
-0.084314
-0.084314
-0.084314
-0.086275
-0.086275
-0.086275
-0.084314
-0.086275
-0.088235
-0.086275
-0.086275
-0.086275
-0.086275
-0.088235
-0.090196
-0.090196
-0.088235
-0.086275
-0.086275
-0.088235
-0.090196
-0.090196
-0.090196
-0.092157
-0.092157
-0.092157
-0.090196
-0.090196
-0.094118
-0.092157
-0.092157
-0.092157
-0.088235
-0.090196
-0.092157
-0.088235
-0.092157
-0.092157
-0.092157
-0.094118
-0.094118
-0.094118
-0.092157
-0.092157
-0.094118
-0.094118
-0.092157
-0.092157
-0.090196
-0.094118
-0.090196
-0.092157
-0.092157
-0.094118
-0.090196
-0.092157
-0.090196
-0.094118
-0.090196
-0.090196
-0.092157
-0.088235
-0.090196
-0.090196
-0.090196
-0.086275
-0.088235
-0.088235
-0.090196
-0.090196
-0.090196
-0.088235
-0.086275
-0.090196
-0.090196
-0.086275
-0.088235
-0.090196
-0.088235
-0.088235
-0.088235
-0.086275
-0.084314
-0.088235
-0.084314
-0.084314
-0.084314
-0.086275
-0.084314
-0.084314
-0.082353
-0.082353
-0.082353
-0.080392
-0.084314
-0.082353
-0.078431
-0.078431
-0.078431
-0.082353
-0.078431
-0.080392
-0.082353
-0.078431
-0.078431
-0.076471
-0.074510
-0.076471
-0.074510
-0.074510
-0.072549
-0.072549
-0.076471
-0.074510
-0.074510
-0.072549
-0.070588
-0.070588
-0.070588
-0.070588
-0.066667
-0.070588
-0.070588
-0.068627
-0.066667
-0.064706
-0.064706
-0.066667
-0.066667
-0.064706
-0.064706
