
rms
0.000047
0.000151
0.000247
0.000355
0.000444
0.000532
0.000666
0.000796
0.000929
0.001059
0.001188
0.001313
0.001438
0.001558
0.001679
0.001800
0.001924
0.002045
0.002161
0.002282
0.002394
0.002510
0.002627
0.002735
0.002851
0.002963
0.003079
0.003187
0.003295
0.003395
0.003503
0.003603
0.003707
0.003803
0.003907
0.004007
0.004107
0.004200
0.004300
0.004392
0.004484
0.004573
0.004661
0.004746
0.004835
0.004920
0.005005
0.005090
0.005171
0.005252
0.005334
0.005415
0.005493
0.005571
0.005645
0.005720
0.005798
0.005869
0.005936
0.006008
0.006072
0.006137
0.006201
0.006266
0.006328
0.006386
0.006451
0.006509
0.006568
0.006623
0.006676
0.006731
0.006784
0.006834
0.006881
0.006928
0.006975
0.007022
0.007067
0.007108
0.007150
0.007192
0.007234
0.007273
0.007310
0.007347
0.007384
0.007417
0.007449
0.007481
0.007511
0.007542
0.007570
0.007598
0.007624
0.007648
0.007676
0.007702
0.007726
0.007746
0.007768
0.007789
0.007811
0.007828
0.007846
0.007862
0.007879
0.007894
0.007911
0.007923
0.007934
0.007946
0.007958
0.007969
0.007979
0.007989
0.007998
0.008006
0.008014
0.008021
0.008027
0.008033
0.008039
0.008045
0.008049
0.008054
0.008057
0.008060
0.008063
0.008066
0.008068
0.008070
0.008071
0.008072
0.008074
0.008075
0.008076
0.008077
0.008077
0.008077
0.008078
0.008078
0.008078
0.008078
0.008078
0.008078
0.008078
0.008078
0.008078
0.008078
0.008079
0.008079
0.008080
0.008081
0.008082
0.008084
0.008085
0.008087
0.008089
0.008091
0.008093
0.008096
0.008100
0.008105
0.008110
0.008113
0.008119
0.008125
0.008131
0.008139
0.008145
0.008153
0.008162
0.008171
0.008181
0.008191
0.008202
0.008213
0.008227
0.008241
0.008256
0.008272
0.008287
0.008304
0.008321
0.008339
0.008358
0.008378
0.008401
0.008421
0.008443
0.008465
0.008489
0.008517
0.008543
0.008571
0.008599
0.008627
0.008657
0.008690
0.008722
0.008754
0.008791
0.008828
0.008868
0.008907
0.008952
0.008999
0.009036
0.009088
0.009130
0.009183
0.009225
0.009274
0.009321
0.009374
0.009427
0.009482
0.009538
0.009590
0.009649
0.009707
0.009766
0.009824
0.009886
0.009950
0.010015
0.010083
0.010151
0.010219
0.010283
0.010361
0.010432
0.010507
0.010578
0.010659
0.010733
0.010811
0.010889
0.010971
0.011052
0.011137
0.011222
0.011303
0.011388
0.011480
0.011573
0.011658
0.011754
0.011850
0.011946
0.012042
0.012142
0.012246
0.012346
0.012446
0.012550
0.012654
0.012762
0.012870
0.012978
0.013086
0.013198
0.013314
0.013426
0.013539
0.013651
0.013767
0.013888
0.014008
0.014133
0.014258
0.014378
0.014508
0.014633
0.014758
0.014887
0.015016
0.015150
0.015284
0.015409
0.015538
0.015677
0.015810
0.015944
0.016078
0.016217
0.016350
0.016493
0.016632
0.016775
0.016913
0.017056
0.017204
0.017343
0.017486
0.017633
0.017776
0.017920
0.018072
0.018220
0.018368
0.018520
0.018668
0.018821
0.018968
0.019116
0.019269
0.019417
0.019564
0.019717
0.019870
0.020022
0.020180
0.020337
0.020495
0.020647
0.020800
0.020957
0.021115
0.021272
0.021425
0.021577
0.021735
0.021892
0.022050
0.022202
0.022360
0.022517
0.022675
0.022832
0.022990
0.023147
0.023310
0.023462
0.023620
0.023772
0.023935
0.024088
0.024240
0.024398
0.024545
0.024703
0.024855
0.025008
0.025161
0.025313
0.025466
0.025614
0.025766
0.025919
0.026067
0.026219
0.026367
0.026510
0.026653
0.026801
0.026944
0.027087
0.027235
0.027383
0.027526
0.027673
0.027816
0.027960
0.028103
0.028246
0.028384
0.028518
0.028656
0.028795
0.028933
0.029072
0.029205
0.029335
0.029469
0.029602
0.029727
0.029861
0.029990
0.030120
0.030240
0.030365
0.030477
0.030602
0.030723
0.030848
0.030964
0.031080
0.031201
0.031317
0.031434
0.031550
0.031662
0.031770
0.031882
0.031990
0.032094
0.032202
0.032302
0.032406
0.032510
0.032610
0.032710
0.032810
0.032906
0.033006
0.033106
0.033202
0.033298
0.033391
0.033483
0.033572
0.033656
0.033741
0.033830
0.033915
0.034000
0.034078
0.034159
0.034237
0.034315
0.034389
0.034464
0.034535
0.034609
0.034680
0.034751
0.034816
0.034884
0.034945
0.035007
0.035071
0.035133
0.035191
0.035250
0.035308
0.035364
0.035419
0.035475
0.035528
0.035577
0.035624
0.035672
0.035719
0.035763
0.035810
0.035852
0.035894
0.035936
0.035975
0.036012
0.036051
0.036088
0.036121
0.036155
0.036186
0.036218
0.036248
0.036280
0.036306
0.036334
0.036360
0.036384
0.036410
0.036434
0.036458
0.036482
0.036503
0.036521
0.036542
0.036560
0.036579
0.036596
0.036611
0.036627
0.036639
0.036653
0.036665
0.036678
0.036688
0.036698
0.036709
0.036717
0.036727
0.036735
0.036742
0.036750
0.036757
0.036763
0.036768
0.036772
0.036776
0.036781
0.036785
0.036787
0.036790
0.036792
0.036793
0.036795
0.036797
0.036799
0.036800
0.036800
0.036801
0.036801
0.036802
0.036802
0.036802
0.036802
0.036802
0.036802
0.036802
0.036802
0.036802
0.036802
0.036803
0.036803
0.036804
0.036804
0.036805
0.036807
0.036807
0.036808
0.036810
0.036813
0.036815
0.036818
0.036822
0.036825
0.036830
0.036835
0.036839
0.036844
0.036851
0.036856
0.036863
0.036869
0.036877
0.036885
0.036894
0.036904
0.036915
0.036926
0.036937
0.036950
0.036963
0.036976
0.036991
0.037007
0.037022
0.037039
0.037058
0.037076
0.037097
0.037117
0.037137
0.037159
0.037181
0.037209
0.037235
0.037260
0.037288
0.037316
0.037344
0.037372
0.037402
0.037434
0.037469
0.037503
0.037540
0.037575
0.037614
0.037656
0.037693
0.037737
0.037782
0.037826
0.037873
0.037915
0.037965
0.038015
0.038068
0.038120
0.038173
0.038228
0.038287
0.038340
0.038398
0.038454
0.038515
0.038571
0.038638
0.038697
0.038768
0.038829
0.038897
0.038962
0.039030
0.039101
0.039172
0.039243
0.039321
0.039395
0.039477
0.039554
0.039632
0.039714
0.039799
0.039884
0.039968
0.040057
0.040138
0.040227
0.040316
0.040404
0.040500
0.040589
0.040685
0.040781
0.040885
0.040985
0.041081
0.041185
0.041289
0.041393
0.041497
0.041601
0.041705
0.041813
0.041925
0.042033
0.042145
0.042261
0.042382
0.042498
0.042615
0.042731
0.042847
0.042968
0.043088
0.043209
0.043329
0.043450
0.043571
0.043700
0.043825
0.043950
0.044079
0.044213
0.044342
0.044476
0.044610
0.044744
0.044878
0.045011
0.045150
0.045293
0.045436
0.045570
0.045713
0.045851
0.045999
0.046142
0.046285
0.046424
0.046567
0.046714
0.046862
0.047010
0.047153
0.047301
0.047453
0.047597
0.047749
0.047897
0.048045
0.048193
0.048345
0.048493
0.048645
0.048793
0.048951
0.049099
0.049246
0.049399
0.049552
0.049699
0.049857
0.050014
0.050172
0.050329
0.050477
0.050630
0.050782
0.050940
0.051092
0.051240
0.051388
0.051545
0.051703
0.051860
0.052008
0.052156
0.052308
0.052466
0.052614
0.052771
0.052919
0.053072
0.053224
0.053372
0.053520
0.053668
0.053820
0.053973
0.054121
0.054268
0.054426
0.054574
0.054721
0.054860
0.055012
0.055151
0.055299
0.055437
0.055585
0.055723
0.055871
0.056005
0.056148
0.056282
0.056425
0.056563
0.056706
0.056845
0.056978
0.057112
0.057251
0.057380
0.057514
0.057639
0.057768
0.057893
0.058018
0.058147
0.058272
0.058393
0.058518
0.058643
0.058768
0.058888
0.059009
0.059134
0.059246
0.059362
0.059478
0.059595
0.059711
0.059823
0.059935
0.060043
0.060155
0.060263
0.060371
0.060475
0.060583
0.060683
0.060787
0.060891
0.060995
0.061091
0.061191
0.061287
0.061383
0.061480
0.061572
0.061660
0.061749
0.061841
0.061926
0.062015
0.062093
0.062174
0.062255
0.062337
0.062415
0.062492
0.062570
0.062652
0.062729
0.062801
0.062872
0.062943
0.063011
0.063078
0.063143
0.063208
0.063272
0.063334
0.063392
0.063454
0.063509
0.063568
0.063626
0.063685
0.063737
0.063790
0.063843
0.063892
0.063942
0.063989
0.064036
0.064078
0.064128
0.064170
0.064214
0.064256
0.064298
0.064338
0.064372
0.064409
0.064439
0.064474
0.064502
0.064539
0.064569
0.064599
0.064625
0.064653
0.064677
0.064703
0.064727
0.064753
0.064777
0.064799
0.064820
0.064840
0.064860
0.064879
0.064896
0.064913
0.064928
0.064944
0.064958
0.064971
0.064984
0.064996
0.065009
0.065020
0.065029
0.065038
0.065046
0.065055
0.065061
0.065070
0.065075
0.065082
0.065086
0.065092
0.065097
0.065100
0.065103
0.065106
0.065109
0.065112
0.065114
0.065115
0.065117
0.065118
0.065120
0.065120
0.065121
0.065121
0.065122
0.065122
0.065122
0.065123
0.065123
0.065123
0.065123
0.065123
0.065123
0.065123
0.065123
0.065124
0.065124
0.065125
0.065125
0.065126
0.065128
0.065129
0.065132
0.065134
0.065137
0.065139
0.065142
0.065146
0.065150
0.065155
0.065159
0.065165
0.065171
0.065178
0.065183
0.065192
0.065200
0.065209
0.065219
0.065229
0.065237
0.065248
0.065260
0.065269
0.065283
0.065299
0.065313
0.065326
0.065343
0.065362
0.065379
0.065396
0.065416
0.065437
0.065459
0.065481
0.065503
0.065527
0.065551
0.065577
0.065603
0.065633
0.065663
0.065691
0.065724
0.065756
0.065788
0.065823
0.065860
0.065897
0.065934
0.065973
0.066015
0.066057
0.066101
0.066146
0.066190
0.066237
0.066282
0.066329
0.066376
0.066429
0.066478
0.066531
0.066581
0.066636
0.066692
0.066750
0.066812
0.066870
0.066935
0.067000
0.067064
0.067126
0.067197
0.067262
0.067336
0.067404
0.067485
0.067556
0.067638
0.067712
0.067797
0.067882
0.067967
0.068052
0.068133
0.068218
0.068303
0.068392
0.068480
0.068576
0.068669
0.068765
0.068857
0.068957
0.069053
0.069153
0.069249
0.069353
0.069457
0.069565
0.069673
0.069777
0.069885
0.069993
0.070105
0.070217
0.070329
0.070446
0.070562
0.070678
0.070790
0.070911
0.071032
0.071152
0.071273
0.071398
0.071522
0.071652
0.071777
0.071911
0.072040
0.072174
0.072308
0.072441
0.072571
0.072705
0.072838
0.072972
0.073106
0.073240
0.073378
0.073517
0.073655
0.073794
0.073932
0.074075
0.074218
0.074366
0.074514
0.074661
0.074809
0.074957
0.075105
0.075257
0.075400
0.075544
0.075696
0.075844
0.075992
0.076139
0.076292
0.076445
0.076592
0.076745
0.076893
0.077045
0.077193
0.077351
0.077508
0.077656
0.077813
0.077976
0.078133
0.078286
0.078439
0.078596
0.078749
0.078901
0.079059
0.079216
0.079374
0.079526
0.079689
0.079846
0.079999
0.080156
0.080319
0.080476
0.080639
0.080791
0.080949
0.081101
0.081259
0.081411
0.081564
0.081717
0.081869
0.082022
0.082170
0.082322
0.082470
0.082618
0.082765
0.082913
0.083066
0.083204
0.083357
0.083500
0.083653
0.083796
0.083948
0.084091
0.084239
0.084377
0.084525
0.084668
0.084811
0.084954
0.085097
0.085236
0.085374
0.085504
0.085642
0.085776
0.085910
0.086044
0.086177
0.086307
0.086436
0.086565
0.086699
0.086833
0.086958
0.087087
0.087212
0.087342
0.087466
0.087587
0.087712
0.087832
0.087953
0.088069
0.088190
0.088310
0.088423
0.088535
0.088651
0.088759
0.088871
0.088979
0.089087
0.089195
0.089299
0.089403
0.089511
0.089611
0.089711
0.089811
0.089911
0.090007
0.090103
0.090196
0.090284
0.090373
0.090461
0.090550
0.090635
0.090723
0.090812
0.090893
0.090978
0.091056
0.091137
0.091212
0.091290
0.091368
0.091445
0.091517
0.091591
0.091662
0.091730
0.091798
0.091859
0.091924
0.091989
0.092053
0.092112
0.092170
0.092232
0.092290
0.092346
0.092395
0.092448
0.092504
0.092556
0.092601
0.092653
0.092700
0.092747
0.092789
0.092834
0.092873
0.092920
0.092957
0.092997
0.093034
0.093070
0.093107
0.093144
0.093175
0.093207
0.093239
0.093267
0.093295
0.093323
0.093349
0.093373
0.093397
0.093421
0.093442
0.093464
0.093484
0.093503
0.093523
0.093542
0.093560
0.093577
0.093593
0.093610
0.093627
0.093639
0.093653
0.093664
0.093675
0.093686
0.093697
0.093706
0.093716
0.093723
0.093731
0.093738
0.093744
0.093750
0.093756
0.093761
0.093765
0.093768
0.093771
0.093775
0.093778
0.093780
0.093783
0.093785
0.093786
0.093788
0.093789
0.093790
0.093791
0.093791
0.093792
0.093792
0.093792
0.093792
0.093792
0.093792
0.093792
0.093792
0.093792
0.093792
0.093793
0.093793
0.093793
0.093794
0.093795
0.093796
0.093798
0.093799
0.093801
0.093803
0.093805
0.093808
0.093811
0.093814
0.093817
0.093821
0.093826
0.093831
0.093838
0.093843
0.093851
0.093858
0.093867
0.093876
0.093886
0.093894
0.093904
0.093915
0.093926
0.093939
0.093951
0.093964
0.093979
0.093994
0.094011
0.094028
0.094044
0.094062
0.094081
0.094103
0.094123
0.094145
0.094170
0.094196
0.094220
0.094248
0.094276
0.094302
0.094332
0.094362
0.094394
0.094429
0.094463
0.094500
0.094535
0.094570
0.094609
0.094646
0.094690
0.094730
0.094774
0.094816
0.094863
0.094910
0.094952
0.095002
0.095052
0.095099
0.095151
0.095201
0.095257
0.095309
0.095371
0.095429
0.095491
0.095552
0.095620
0.095682
0.095746
0.095814
0.095879
0.095950
0.096021
0.096092
0.096160
0.096234
0.096309
0.096387
0.096465
0.096542
0.096627
0.096709
0.096790
0.096875
0.096964
0.097052
0.097137
0.097215
0.097311
0.097396
0.097492
0.097577
0.097677
0.097769
0.097865
0.097965
0.098065
0.098169
0.098269
0.098369
0.098469
0.098581
0.098689
0.098802
0.098910
0.099018
0.099134
0.099246
0.099362
0.099483
0.099603
0.099728
0.099849
0.099969
0.100090
0.100211
0.100331
0.100456
0.100581
0.100702
0.100826
0.100951
0.101081
0.101219
0.101344
0.101478
0.101612
0.101741
0.101879
0.102013
0.102152
0.102286
0.102424
0.102562
0.102701
0.102839
0.102978
0.103121
0.103264
0.103407
0.103550
0.103693
0.103836
0.103979
0.104122
0.104265
0.104413
0.104561
0.104704
0.104852
0.105004
0.105152
0.105295
0.105448
0.105595
0.105753
0.105901
0.106053
0.106206
0.106363
0.106516
0.106673
0.106826
0.106979
0.107131
0.107284
0.107436
0.107594
0.107746
0.107899
0.108052
0.108209
0.108362
0.108509
0.108667
0.108824
0.108977
0.109130
0.109282
0.109430
0.109588
0.109735
0.109888
0.110040
0.110198
0.110346
0.110498
0.110646
0.110799
0.110951
0.111099
0.111252
0.111400
0.111547
0.111695
0.111843
0.111986
0.112134
0.112277
0.112420
0.112558
0.112692
0.112835
0.112978
0.113121
0.113260
0.113403
0.113541
0.113675
0.113809
0.113943
0.114081
0.114219
0.114353
0.114483
0.114616
0.114746
0.114871
0.115000
0.115129
0.115250
0.115384
0.115513
0.115634
0.115759
0.115879
0.116004
0.116125
0.116241
0.116357
0.116478
0.116590
0.116706
0.116823
0.116935
0.117043
0.117155
0.117259
0.117371
0.117479
0.117587
0.117691
0.117791
0.117895
0.117995
0.118095
0.118195
0.118287
0.118383
0.118479
0.118572
0.118664
0.118752
0.118841
0.118926
0.119011
0.119092
0.119177
0.119262
0.119347
0.119425
0.119503
0.119581
0.119658
0.119730
0.119804
0.119872
0.119943
0.120011
0.120082
0.120150
0.120211
0.120276
0.120334
0.120399
0.120457
0.120519
0.120577
0.120636
0.120694
0.120750
0.120802
0.120858
0.120902
0.120955
0.121000
0.121052
0.121092
0.121139
0.121178
0.121222
0.121259
0.121304
0.121336
0.121373
0.121408
0.121447
0.121479
0.121510
0.121542
0.121574
0.121604
0.121637
0.121665
0.121693
0.121719
0.121743
0.121767
0.121787
0.121809
0.121830
0.121850
0.121867
0.121884
0.121901
0.121915
0.121930
0.121944
0.121959
0.121970
0.121984
0.121995
0.122008
0.122017
0.122026
0.122037
0.122046
0.122055
0.122062
0.122069
0.122075
0.122081
0.122086
0.122092
0.122096
0.122100
0.122104
0.122108
0.122111
0.122113
0.122116
0.122118
0.122120
0.122122
0.122123
0.122125
0.122125
0.122126
0.122126
0.122127
0.122127
0.122127
0.122127
0.122127
0.122127
0.122127
0.122127
0.122127
0.122128
0.122128
0.122128
0.122129
0.122129
0.122130
0.122131
0.122133
0.122135
0.122136
0.122139
0.122141
0.122143
0.122147
0.122151
0.122155
0.122159
0.122164
0.122170
0.122175
0.122183
0.122188
0.122196
0.122203
0.122213
0.122223
0.122236
0.122245
0.122256
0.122268
0.122281
0.122295
0.122308
0.122325
0.122340
0.122360
0.122379
0.122398
0.122416
0.122437
0.122457
0.122479
0.122501
0.122525
0.122551
0.122577
0.122605
0.122633
0.122661
0.122689
0.122722
0.122752
0.122786
0.122821
0.122860
0.122895
0.122934
0.122974
0.123013
0.123058
0.123102
0.123144
0.123191
0.123235
0.123280
0.123330
0.123377
0.123429
0.123479
0.123529
0.123582
0.123640
0.123699
0.123754
0.123819
0.123877
0.123942
0.124007
0.124071
0.124136
0.124204
0.124275
0.124346
0.124420
0.124495
0.124569
0.124644
0.124721
0.124803
0.124881
0.124962
0.125043
0.125125
0.125210
0.125295
0.125383
0.125472
0.125560
0.125649
0.125737
0.125834
0.125930
0.126030
0.126130
0.126230
0.126330
0.126426
0.126530
0.126638
0.126754
0.126862
0.126970
0.127082
0.127194
0.127298
0.127415
0.127527
0.127647
0.127764
0.127880
0.127992
0.128112
0.128229
0.128349
0.128474
0.128599
0.128724
0.128849
0.128983
0.129112
0.129237
0.129362
0.129491
0.129621
0.129750
0.129884
0.130018
0.130156
0.130295
0.130433
0.130567
0.130705
0.130848
0.130982
0.131120
0.131259
0.131407
0.131550
0.131693
0.131836
0.131979
0.132122
0.132270
0.132418
0.132565
0.132713
0.132866
0.133018
0.133171
0.133323
0.133476
0.133629
0.133781
0.133934
0.134086
0.134244
0.134397
0.134554
0.134702
0.134854
0.135007
0.135164
0.135317
0.135475
0.135632
0.135785
0.135942
0.136095
0.136257
0.136415
0.136567
0.136725
0.136882
0.137040
0.137197
0.137355
0.137517
0.137670
0.137822
0.137975
0.138132
0.138290
0.138442
0.138600
0.138752
0.138900
0.139058
0.139210
0.139358
0.139511
0.139658
0.139806
0.139959
0.140111
0.140264
0.140412
0.140560
0.140707
0.140855
0.141003
0.141151
0.141294
0.141437
0.141580
0.141723
0.141866
0.142014
0.142152
0.142286
0.142425
0.142558
0.142697
0.142831
0.142969
0.143098
0.143237
0.143366
0.143500
0.143629
0.143754
0.143884
0.144008
0.144138
0.144267
0.144392
0.144513
0.144637
0.144762
0.144887
0.145004
0.145120
0.145232
0.145353
0.145461
0.145577
0.145689
0.145797
0.145901
0.146013
0.146121
0.146225
0.146329
0.146433
0.146541
0.146641
0.146741
0.146837
0.146933
0.147025
0.147122
0.147210
0.147302
0.147395
0.147483
0.147572
0.147657
0.147742
0.147823
0.147905
0.147989
0.148074
0.148152
0.148230
0.148308
0.148382
0.148457
0.148525
0.148596
0.148664
0.148731
0.148799
0.148867
0.148929
0.148990
0.149052
0.149113
0.149169
0.149224
0.149280
0.149329
0.149385
0.149438
0.149487
0.149537
0.149584
0.149631
0.149679
0.149723
0.149767
0.149812
0.149854
0.149891
0.149930
0.149972
0.150009
0.150048
0.150083
0.150115
0.150148
0.150178
0.150210
0.150240
0.150268
0.150296
0.150322
0.150346
0.150370
0.150391
0.150411
0.150431
0.150450
0.150470
0.150489
0.150507
0.150524
0.150540
0.150557
0.150572
0.150586
0.150597
0.150610
0.150621
0.150633
0.150644
0.150653
0.150662
0.150669
0.150678
0.150684
0.150692
0.150697
0.150703
0.150708
0.150713
0.150718
0.150721
0.150723
0.150726
0.150729
0.150731
0.150733
0.150735
0.150736
0.150737
0.150738
0.150738
0.150739
0.150739
0.150740
0.150740
0.150740
0.150740
0.150740
0.150740
0.150740
0.150740
0.150740
0.150740
0.150741
0.150741
0.150742
0.150743
0.150744
0.150745
0.150746
0.150748
0.150750
0.150753
0.150755
0.150758
0.150761
0.150765
0.150769
0.150773
0.150777
0.150784
0.150790
0.150798
0.150804
0.150812
0.150821
0.150829
0.150839
0.150848
0.150858
0.150869
0.150879
0.150894
0.150908
0.150925
0.150940
0.150959
0.150974
0.150991
0.151008
0.151028
0.151047
0.151069
0.151090
0.151112
0.151136
0.151162
0.151188
0.151214
0.151242
0.151272
0.151302
0.151332
0.151367
0.151401
0.151438
0.151473
0.151510
0.151544
0.151581
0.151621
0.151663
0.151704
0.151749
0.151793
0.151840
0.151885
0.151935
0.151987
0.152037
0.152087
0.152143
0.152195
0.152251
0.152309
0.152368
0.152426
0.152485
0.152549
0.152614
0.152675
0.152743
0.152808
0.152872
0.152944
0.153015
0.153086
0.153157
0.153231
0.153309
0.153384
0.153461
0.153539
0.153621
0.153698
0.153780
0.153861
0.153946
0.154038
0.154127
0.154219
0.154312
0.154408
0.154500
0.154592
0.154688
0.154785
0.154885
0.154981
0.155085
0.155189
0.155289
0.155397
0.155501
0.155609
0.155717
0.155829
0.155941
0.156049
0.156165
0.156281
0.156398
0.156510
0.156630
0.156742
0.156863
0.156988
0.157104
0.157225
0.157345
0.157470
0.157595
0.157716
0.157841
0.157970
0.158099
0.158224
0.158354
0.158487
0.158617
0.158755
0.158885
0.159023
0.159157
0.159291
0.159429
0.159572
0.159715
0.159854
0.159997
0.160140
0.160283
0.160426
0.160574
0.160717
0.160860
0.161003
0.161151
0.161303
0.161451
0.161603
0.161756
0.161909
0.162056
0.162204
0.162347
0.162495
0.162648
0.162796
0.162943
0.163096
0.163244
0.163396
0.163549
0.163697
0.163844
0.163997
0.164150
0.164302
0.164450
0.164603
0.164755
0.164908
0.165060
0.165208
0.165361
0.165509
0.165666
0.165814
0.165966
0.166114
0.166272
0.166424
0.166572
0.166725
0.166872
0.167020
0.167173
0.167325
0.167478
0.167631
0.167778
0.167926
0.168074
0.168222
0.168374
0.168522
0.168670
0.168818
0.168966
0.169109
0.169247
0.169385
0.169533
0.169676
0.169824
0.169967
0.170110
0.170249
0.170387
0.170530
0.170673
0.170802
0.170936
0.171066
0.171204
0.171333
0.171472
0.171601
0.171735
0.171864
0.171989
0.172123
0.172248
0.172377
0.172498
0.172623
0.172743
0.172868
0.172989
0.173118
0.173234
0.173351
0.173467
0.173583
0.173700
0.173812
0.173924
0.174040
0.174148
0.174256
0.174364
0.174468
0.174576
0.174676
0.174780
0.174880
0.174980
0.175076
0.175172
0.175265
0.175361
0.175449
0.175538
0.175630
0.175719
0.175807
0.175896
0.175985
0.176066
0.176144
0.176225
0.176303
0.176381
0.176462
0.176540
0.176614
0.176686
0.176760
0.176831
0.176902
0.176970
0.177035
0.177099
0.177164
0.177225
0.177293
0.177355
0.177413
0.177469
0.177527
0.177583
0.177638
0.177691
0.177741
0.177791
0.177840
0.177887
0.177937
0.177982
0.178026
0.178068
0.178112
0.178152
0.178191
0.178228
0.178268
0.178304
0.178339
0.178376
0.178411
0.178441
0.178473
0.178503
0.178531
0.178561
0.178587
0.178613
0.178639
0.178663
0.178684
0.178706
0.178728
0.178748
0.178767
0.178786
0.178803
0.178819
0.178836
0.178850
0.178864
0.178878
0.178891
0.178903
0.178915
0.178927
0.178936
0.178945
0.178954
0.178962
0.178970
0.178977
0.178985
0.178991
0.178998
0.179002
0.179007
0.179011
0.179015
0.179018
0.179022
0.179025
0.179028
0.179030
0.179032
0.179033
0.179035
0.179036
0.179036
0.179037
0.179038
0.179038
0.179038
0.179038
0.179038
0.179038
0.179038
0.179038
0.179038
0.179039
0.179039
0.179039
0.179039
0.179040
0.179040
0.179041
0.179042
0.179044
0.179046
0.179047
0.179050
0.179052
0.179055
0.179058
0.179061
0.179065
0.179069
0.179073
0.179079
0.179085
0.179092
0.179099
0.179106
0.179115
0.179125
0.179133
0.179144
0.179156
0.179167
0.179177
0.179189
0.179201
0.179217
0.179232
0.179251
0.179266
0.179283
0.179302
0.179320
0.179342
0.179363
0.179387
0.179409
0.179433
0.179457
0.179487
0.179515
0.179545
0.179573
0.179604
0.179638
0.179670
0.179707
0.179740
0.179777
0.179814
0.179853
0.179890
0.179932
0.179974
0.180018
0.180063
0.180107
0.180154
0.180196
0.180246
0.180296
0.180348
0.180398
0.180451
0.180503
0.180559
0.180614
0.180676
0.180734
0.180799
0.180864
0.180931
0.180993
0.181055
0.181122
0.181193
0.181265
0.181336
0.181407
0.181478
0.181549
0.181627
0.181705
0.181786
0.181864
0.181949
0.182030
0.182115
0.182204
0.182289
0.182381
0.182469
0.182562
0.182654
0.182746
0.182842
0.182942
0.183042
0.183139
0.183243
0.183339
0.183447
0.183551
0.183659
0.183763
0.183879
0.183987
0.184095
0.184203
0.184319
0.184427
0.184539
0.184656
0.184772
0.184888
0.185013
0.185138
0.185263
0.185383
0.185504
0.185629
0.185750
0.185879
0.186004
0.186133
0.186262
0.186392
0.186521
0.186660
0.186798
0.186923
0.187066
0.187200
0.187338
0.187477
0.187620
0.187763
0.187897
0.188044
0.188183
0.008676